6 52
6 85
6 134
7 79
7 113
7 144
7 190
8 58
7 244
8 111
9 35
9 180
9 243
10 53
10 80
10 86
10 206
13 81
15 133
200 240
14 199
13 14
14 240
12 13
13 9
36 13
12 35
12 199
12 240
13 18
13 38
15 81
14 185
14 13
82 38
13 81
14 15
14 48
14 51
14 185
15 28
15 33
16 15
163 162
163 162
15 162
16 62
16 104
16 142
16 186
18 91
19 18
17 18
17 21
18 17
91 18
17 90
19 28
28 27
18 27
19 55
54 13
18 53
19 41
19 129
20 21
20 131
21 74
23 27
47 46
22 46
22 103
22 108
22 114
23 99
23 142
23 228
25 56
58 57
24 57
25 77
90 151
24 89
24 151
25 175
177 176
24 176
26 183
77 76
25 76
25 111
25 119
25 238
27 82
39 44
27 82
39 44
26 38
26 167
26 169
26 184
27 28
27 46
27 80
29 77
90 244
28 89
28 244
29 30
29 34
29 95
30 34
30 35
30 184
32 31
56 55
31 55
31 122
31 225
32 37
32 46
32 95
33 96
113 112
32 112
33 112
34 184
35 46
37 95
62 61
36 61
37 111
89 61
36 88
37 148
218 88
36 217
39 169
28 167
27 28
27 26
38 26
39 105
37 38
37 105
37 174
40 39
66 105
39 65
39 81
39 150
39 184
40 41
40 77
40 159
42 41
43 42
43 128
42 43
42 41
43 42
41 42
42 41
129 42
41 128
43 64
66 41
43 147
66 43
42 65
42 195
43 93
44 26
185 184
43 184
43 215
44 85
44 132
44 215
45 44
230 85
44 229
46 22
47 46
45 46
46 199
45 189
46 45
45 190
45 208
47 48
47 70
48 85
85 70
47 84
47 174
49 182
231 47
48 230
48 232
49 111
49 141
50 230
183 182
49 182
50 91
50 102
50 141
51 63
52 170
99 98
51 98
52 67
52 124
53 55
57 24
58 244
57 56
58 244
57 58
58 57
56 57
56 68
56 105
56 244
57 60
58 68
58 120
58 134
60 77
90 4
59 89
60 82
118 141
59 117
60 59
142 4
59 141
60 80
60 197
60 233
61 95
61 159
61 214
63 91
93 109
63 91
93 107
62 92
63 116
98 97
62 97
62 107
63 64
64 65
64 119
65 64
188 119
65 64
188 65
64 187
65 147
66 78
67 71
121 78
66 120
66 177
66 205
67 68
67 105
67 114
68 69
69 134
136 58
68 135
68 231
69 100
69 112
71 139
95 85
70 94
69 160
70 137
72 71
71 67
71 70
138 153
71 70
138 47
70 137
70 153
71 105
71 120
71 138
72 71
146 105
71 145
72 104
72 114
72 242
74 73
132 147
73 131
74 146
148 74
73 147
73 232
74 95
74 188
74 230
75 127
75 133
75 230
76 149
76 183
78 77
84 76
77 83
77 89
77 193
78 79
78 163
80 109
81 8
112 10
80 111
81 82
81 93
82 117
82 132
83 82
82 180
84 20
132 82
83 131
84 85
86 85
86 170
87 84
85 86
85 84
86 85
84 85
84 168
87 84
88 85
86 87
86 93
86 170
88 74
189 86
87 188
88 45
190 189
87 189
88 111
90 115
90 154
90 231
90 237
91 92
91 165
92 93
92 160
93 94
95 109
140 160
94 139
94 160
95 228
96 112
96 182
97 96
96 209
97 116
98 170
99 192
99 217
102 124
102 136
105 104
105 16
109 62
109 108
187 169
108 186
108 107
103 107
103 149
104 107
104 122
106 145
106 154
106 167
107 155
235 234
106 234
108 169
108 186
109 139
110 109
146 80
109 145
110 177
111 110
220 177
110 219
111 125
111 239
114 58
121 133
113 120
113 133
113 140
116 153
237 242
115 236
115 242
116 119
117 170
118 185
118 212
118 236
119 150
122 31
123 122
121 122
121 218
123 124
123 145
124 151
127 176
127 211
128 168
128 212
129 130
131 204
233 131
130 232
132 129
131 20
131 130
129 130
129 233
130 210
130 232
132 157
135 188
134 135
134 133
189 199
133 188
133 199
135 134
136 6
134 135
134 213
136 137
138 139
139 70
154 153
138 153
138 237
139 140
140 141
142 193
142 229
146 147
147 109
146 145
148 122
124 132
147 123
145 146
146 147
148 168
148 217
153 236
157 218
155 156
155 218
155 234
167 166
168 167
167 168
168 167
166 167
166 167
167 168
169 155
235 128
168 234
169 212
170 183
173 174
174 37
175 231
173 174
173 224
173 231
176 175
236 235
175 235
178 179
178 179
179 178
201 179
179 178
201 179
178 200
179 180
179 221
183 170
184 49
182 183
182 230
184 185
190 28
245 45
189 244
190 209
194 45
191 77
193 190
46 99
192 45
210 45
209 208
209 208
192 228
201 202
202 232
201 204
203 238
204 232
202 203
203 204
233 232
202 232
203 238
204 214
211 212
211 212
215 216
215 216
216 217
219 218
248 88
218 247
225 226
225 231
233 242
237 138
238 118
236 237
