3466	8579
3466	17038
3466	18720
10310	10841
10310	13056
5052	899
5052	1796
5052	3096
5052	3386
5052	6376
5052	19297
5052	24371
5052	25396
5346	5052
5346	7926
5346	10268
5346	12971
5346	15159
5346	18600
5346	23186
5346	23298
15159	5052
15159	5346
19640	8045
19640	9099
19640	12141
19640	22527
19640	24293
10243	10235
18648	8517
14265	392
14265	2485
14265	3173
14265	3853
14265	3939
14265	7350
14265	7504
14265	12498
14265	16261
14265	20122
19738	13556
8612	2076
8612	9482
8612	11175
8612	11604
8612	15003
8612	17932
8612	20001
16258	6825
16258	10039
14123	22836
2710	62
2710	106
2710	3677
2710	5807
2710	13026
2710	26051
2710	26100
18757	214
16148	899
16148	1765
16148	2710
16148	5052
16148	13276
16148	22184
16148	23708
7050	17172
7050	25850
4846	676
4846	6610
4846	11082
4846	14419
4846	17330
4846	24029
824	2133
824	4846
824	11785
824	12928
2133	824
2133	4846
2133	6700
2133	18487
6610	824
6610	2212
6610	4164
6610	4511
6610	4513
6610	6179
6610	7956
6610	9639
6610	12678
6610	14419
6610	17330
6610	18894
6610	20108
6610	20635
6610	22527
6610	22779
6610	22887
6610	23293
6610	23382
6700	339
6700	624
6700	2654
6700	5579
6700	6610
6700	10550
6700	14485
6700	17331
6700	20644
6700	22779
11082	2133
11082	6610
11082	14419
11082	23382
14419	824
14419	4846
14419	11082
14419	12928
14419	19423
14419	22779
17330	1339
17330	4846
17330	12928
17330	14419
17330	16393
17330	22779
18487	2133
18487	17439
18487	21707
18487	25271
22779	824
22779	4846
22779	6700
23382	824
23382	2133
23382	6610
23382	6700
23382	8208
23382	11082
23382	11132
23382	23038
23382	25379
12928	2133
12928	6700
12928	11082
12928	14419
13740	4550
13740	4702
13740	22476
13096	11801
13096	12665
13096	12688
13096	15108
13096	20879
22393	3909
22393	7689
22393	17979
3872	5109
3872	12409
3872	20101
8862	78
8862	8254
8862	24932
22598	888
22598	13614
22598	18365
22598	18676
22598	24114
8254	12155
8254	21560
24833	9092
24833	15366
24833	19675
24833	21806
24833	23614
24833	26196
10115	10134
7893	5510
7893	12627
7893	16778
18051	5510
18051	12334
18051	13385
4515	615
4515	8612
4515	16083
4515	17932
16778	593
16778	12386
8978	15170
8978	15455
8978	16589
9017	8978
9017	12324
9017	15170
9017	15455
9017	16589
9017	17075
9017	18875
9017	21944
15170	15455
15170	16589
15455	3056
15455	7307
15455	9017
15455	14181
16589	9017
16589	15170
16589	15455
16589	21613
8851	197
8851	7510
8851	8299
8851	12334
8851	15552
624	3420
624	6700
624	10130
624	15184
624	16032
624	19640
2654	2250
2654	4743
2654	4748
2654	12085
2654	12306
2654	12365
2654	14767
2654	16056
2654	17414
2654	17439
2654	18487
2654	18971
2654	19216
2654	20534
10130	178
10130	1403
10130	5621
10130	22074
16032	2420
16032	6700
16032	10130
16032	13220
16032	20644
16032	23293
3937	9522
21012	773
21012	1186
21012	1841
21012	1997
21012	2404
21012	3409
21012	8503
21012	9482
21012	9785
21012	9889
21012	11241
21012	11472
21012	12781
21012	13060
21012	14540
21012	17692
21012	18719
21012	21508
21012	21847
21012	23293
21012	23363
21012	23628
22691	570
22691	2980
22691	2982
22691	3372
22691	4036
22691	4513
22691	6774
22691	7956
22691	10243
22691	11472
22691	12365
22691	12503
22691	12781
22691	14807
22691	15003
22691	18719
22691	18894
22691	19215
22691	20108
22691	20635
22691	22457
22691	22834
22691	22966
22691	23293
22691	25053
2980	345
2980	1186
2980	2741
2980	5578
2980	6774
2980	8503
2980	9482
2980	13597
2980	14376
2980	16611
2980	21012
14376	2980
9522	8710
9572	5564
9572	5787
9572	7689
9572	7712
9572	8916
9572	10158
9572	10310
9572	13614
9572	13929
9572	14102
9572	21075
9572	23637
9572	23647
9572	23770
18924	3113
18924	8312
18924	17394
18924	17538
3441	12691
10268	1838
10268	5346
10268	12733
10268	26194
7188	921
7188	1508
7188	6815
7188	18866
18866	45
18866	3409
18866	8503
18866	9785
18866	11053
18866	11148
18866	11785
18866	13008
18866	13597
18866	14485
18866	16594
18866	16726
18866	17038
18866	20774
18866	21012
18866	25346
5175	2449
5175	22415
8282	22046
22046	4868
22046	5175
22046	7007
22046	8352
22046	15365
22046	16931
8157	2120
2120	8157
8302	16484
16484	8302
17778	13556
17778	17979
17778	19159
17778	21699
21699	25382
8701	570
8701	18008
8701	25868
17379	6891
17379	8701
17379	13174
17379	17536
17379	23153
6858	24833
15366	6858
15366	24833
9360	11102
9360	12334
9360	18051
11102	1896
11102	9360
11102	25220
25758	45
25758	3372
25758	6830
25758	14540
25758	15003
25758	17692
25758	20562
25758	21012
25758	21281
25758	21847
25758	24955
9755	1653
9755	2654
9755	6700
9755	7014
9755	9482
9755	17439
9755	18971
9755	21281
9755	21379
9755	25396
3420	624
7442	2620
7442	3679
7442	4550
7442	13955
7442	14003
7442	15235
7442	16148
7768	18222
4624	6863
4624	12606
4624	21322
4624	22265
4624	22336
23099	15770
14337	10763
14337	11121
14337	16945
15799	2326
15799	11194
15799	19048
11241	2741
11241	4513
11241	6179
11241	6830
11241	12781
11241	15659
11241	17692
11241	18174
11241	19423
11241	19961
11241	20562
11241	21508
11241	25271
11241	25346
25271	5052
25271	21432
25271	21707
25271	22415
25271	23452
25396	2250
25396	10235
25396	12380
16994	231
16994	6160
16994	9829
16994	15972
16994	22644
16994	22790
21776	17932
3345	3430
3345	8178
3345	10824
3345	15144
3345	22439
3345	23304
3345	24431
11077	12130
11077	14972
11077	17158
11077	17162
17162	21389
21389	17162
21389	23918
12968	1488
12968	3076
12968	4624
12968	17308
12968	20574
15144	4983
19974	13480
19974	15144
8708	23776
13597	3409
13597	4975
13597	11148
13597	12085
13597	16123
13597	21012
20303	13597
20303	15667
20303	21031
3032	6732
3032	7442
3032	15081
3032	22415
22415	899
22415	4766
22415	17396
22415	25271
22415	26138
4700	9124
9124	1738
9124	5346
9124	16741
9124	16779
9124	19297
4046	6610
21806	5366
3409	2741
3409	11148
3409	13597
3409	18866
3409	21012
3409	26141
22177	7317
22177	13556
22177	22644
22177	25480
25480	20683
8916	2591
8916	9188
8916	9572
8916	9773
8916	12334
8916	17536
8916	19738
12334	8254
12334	8851
12334	9360
12334	17932
12334	18037
12334	26190
13713	8916
2949	4743
2949	12637
2949	13615
2949	14265
2949	14485
7042	11661
10113	15614
10113	16368
10113	21407
11661	10096
11661	21142
13621	25388
25388	13621
284	6427
6427	284
6427	16835
6427	21696
1044	3409
1044	5809
1044	9485
1044	13597
1044	14698
1044	16123
1044	21823
811	6468
811	15123
811	16083
811	17021
811	22989
15123	811
15123	8069
16083	615
16083	8612
16083	11604
11712	2127
11712	10762
11712	15829
11712	19234
11712	19724
10762	894
10762	9075
10762	11491
10762	21324
10762	22336
10762	22734
13847	10762
17207	3096
17207	5934
17207	11712
17207	12806
7689	1620
7689	3922
7689	5993
7689	9895
7689	21491
7689	22393
7689	23637
7689	25158
17228	20533
20207	10555
20207	13520
17559	8680
17559	19204
17559	19206
17559	20373
17559	23204
13813	409
13813	6746
13813	19204
7504	9829
12212	9829
12212	13528
12212	14628
12212	24271
1545	8547
1545	10791
1545	10919
10791	1059
10791	1545
10791	15435
10791	16039
10588	5352
10588	5729
10588	13801
10588	21754
5729	3916
5729	5352
1310	2922
23186	5346
25931	3946
25931	17189
9710	3345
9710	3430
9710	15144
9710	19107
9710	22611
9710	26038
7007	888
7007	1520
7007	1545
7007	3561
7007	7069
7007	12587
7007	14638
7007	15365
7007	17721
7007	22598
7007	22798
7007	23351
17536	7895
17536	8916
17536	18208
22476	25006
5233	3466
17932	12334
1000	5107
1000	5605
1000	12070
1000	23107
1000	23344
1000	24199
23107	8374
23939	3630
23939	7911
23939	8730
5464	13653
13653	5464
26038	10501
26038	13029
26038	13622
26038	16324
26038	26059
23576	24199
580	6431
1877	23163
2042	15880
2042	16967
2042	20014
15880	3804
15880	4032
15880	6748
15880	16101
16101	14485
16101	15880
16101	20014
16101	23344
20014	1877
20014	2042
20014	11495
20014	16101
2846	495
8335	2556
8335	13529
8335	14599
8335	18751
13529	8335
6494	2526
6494	24781
6857	3804
6857	6494
6857	7853
6857	14976
6857	19059
24781	884
24781	2526
24781	5469
24781	6857
14308	5901
25143	9283
22184	5993
5597	25050
23836	4290
23836	5287
23836	5597
23836	11113
23836	12302
7194	7542
7194	20960
20960	6355
14500	3765
3765	4798
3765	7307
3765	14500
1508	8279
1508	18866
8279	1508
8279	7188
8279	21158
21663	14020
14020	15905
16543	6218
16543	15516
16543	16553
16543	16565
16563	4793
6072	8887
491	1124
491	5739
491	17039
491	17082
491	22028
17082	1124
17082	1818
17082	17039
17039	491
3547	882
3547	1498
3547	3033
3547	3048
3547	19865
14707	3033
14707	3547
14818	19159
6804	19624
6804	25491
6804	25844
214	18757
6512	214
6512	2449
6512	2535
6512	3076
6512	4355
6512	5210
6512	8727
6512	12507
6512	12710
6512	15244
6512	15457
6512	16654
6512	19114
6512	19645
6512	20574
6512	21629
10590	214
10590	6512
18904	2190
18904	6172
2190	14933
2190	18904
11801	26
11801	4249
11801	19489
11801	22290
11801	24113
23441	6421
23441	11182
23441	21287
449	500
449	2085
449	2568
449	3547
449	4631
449	7091
449	12074
449	14079
449	16754
449	19612
449	22876
10358	10615
10615	449
12074	449
6724	2630
6724	14403
6724	17392
2558	15538
15538	231
15538	2982
15538	21910
15538	22691
15538	23452
21910	260
21910	2558
21910	13318
21910	22119
8968	11372
8968	12733
8968	16210
8968	16414
8968	21491
12260	6804
4241	7015
4241	10476
4241	12852
4241	15846
4241	16333
4241	19297
4241	21771
24924	4576
24924	6700
24924	6941
24924	7485
24924	9241
24924	18983
24924	19013
4697	22082
4697	25537
13276	7689
13276	10711
13276	11182
13276	18745
13276	21497
13276	22778
13276	23770
13276	25698
639	4241
639	7125
1153	17501
17501	4183
570	45
570	1653
570	4511
570	6179
570	12365
570	12679
570	18894
570	19423
570	21012
570	25346
19657	573
19657	4966
19657	22278
26190	12334
26190	17932
19992	1347
19992	9417
19992	15582
19992	17472
19992	19707
9417	19992
24009	15931
24009	15961
24009	24444
15961	24009
14316	15516
14690	1373
14690	3607
14690	14316
14690	19164
13008	2335
13008	5605
13008	6702
13008	16108
13008	17174
13008	17924
13008	18866
4550	1407
4550	3679
4550	5807
4550	7442
4550	12968
4550	15108
4550	17308
13142	7307
13142	11801
13142	14924
13142	19493
13142	19657
13142	23256
24330	3450
24330	4451
24330	12587
24330	20003
24330	20303
24330	21718
15666	15205
15205	20303
24640	24152
8365	8888
8365	13067
8365	16128
17075	2255
17075	3056
17075	5287
17075	9017
17075	13831
17075	20645
17075	20827
17075	24722
23665	13493
23665	18788
78	8862
78	12155
140	19404
140	22462
140	24122
18365	1078
18365	7899
18365	18109
18365	23382
1248	178
1248	16331
16331	1248
16331	19184
17843	12687
4952	2556
4952	5125
4952	12687
4952	16162
4952	16475
4952	23863
4952	25565
20660	5060
20660	20030
7383	7264
7383	11447
7383	18790
21432	1234
21432	16357
21432	19179
21432	20148
21432	23452
21432	25271
21432	25710
13929	4068
13929	5807
13929	11400
13929	11630
13929	11700
13929	14093
13929	16495
13929	20116
13929	20169
13929	21491
13929	22188
13929	22975
13929	23110
13929	25557
13929	25562
13556	2846
13556	7801
13556	11275
13556	14089
13556	14485
13556	17968
13556	17979
13556	19738
13556	21699
6934	11868
6934	13411
6934	13556
6934	25419
20683	13556
20683	25480
25419	6934
21771	24097
22644	16953
22644	18940
22644	20191
10467	20892
13175	21816
16310	5246
16310	16056
16310	19807
19517	811
22989	15066
23708	2710
23708	13190
23708	14351
23708	15718
23708	22336
5934	17665
5934	20424
5934	25378
15066	482
15066	3411
15066	7541
15066	19517
15066	22989
16469	4428
16469	5392
16469	5934
16469	13498
16469	15664
16469	19111
16469	22239
16469	25378
13614	1520
13614	7007
13614	7712
13614	14102
13614	17245
13614	19084
13614	23943
17245	882
17245	13614
15353	3449
15353	21048
21048	482
21048	3449
21048	6864
21048	15353
18003	6709
12135	15973
12135	24765
3209	15973
24371	5712
24371	6219
24371	18160
24371	23967
24371	24568
12107	1833
12107	8177
8177	7863
8177	12107
14967	9458
16741	5052
16741	9124
16741	20243
19233	19297
19297	639
19297	4241
19297	5052
19297	6941
19297	9124
19297	19149
19297	19233
19297	23939
20597	19233
7542	7194
7350	1941
7350	4846
7350	8503
7350	8815
7350	12065
7350	15400
7350	22528
7350	22832
7350	25102
7712	7007
7712	10623
7712	13321
7712	16958
7712	18517
7712	23346
11275	1545
11275	8666
11275	14638
11275	15608
11275	18511
14638	11275
11566	11808
18560	11566
12665	13096
3310	5143
3310	7449
3310	7689
3310	12545
3310	24295
22778	10762
22778	13276
22778	23351
23351	888
23351	1520
23351	7007
23351	18517
23351	22778
23943	18517
17754	25674
16123	9485
16123	11275
16123	13597
10841	9325
10841	9710
10841	14818
1403	20168
2368	13310
20168	5712
20168	6264
8503	2741
8503	2980
8503	14807
8503	17268
8503	21012
8503	24943
18719	773
18719	1186
18719	2741
18719	16876
18719	21012
18719	25201
10942	10711
10942	23647
23647	2846
23647	25319
22119	3953
22119	21910
5672	7350
3430	9710
24431	5541
24431	5995
24431	14606
16020	4713
23986	140
13859	9267
13859	11052
13859	16091
13859	20053
13859	22395
16091	11052
1941	4241
1941	10055
1941	22528
15846	1941
15846	4180
15846	8378
15846	10055
15846	25102
2054	1552
13469	449
13469	500
13469	10615
13469	12074
23137	16101
21158	8279
9629	21433
25783	7039
17038	7277
17038	16770
17038	18408
17038	19089
17038	19992
17038	21968
17038	23429
19865	3547
19865	7452
19865	8374
19865	11964
19865	14346
19865	15931
19865	16694
19865	17465
19865	18065
19865	21910
19865	23344
10134	10115
18109	4642
18109	7899
18109	18365
18109	23382
3561	21407
14485	1000
14485	6700
14485	9572
14485	10942
14485	16101
14485	22758
14485	23344
14485	23708
14485	24924
21754	25435
12498	14265
12498	14952
2870	6963
2870	12654
2870	19340
22555	2870
22555	7801
22555	10991
16368	10113
16368	16013
16368	16414
16368	21469
21469	11821
23503	11944
23503	16429
23503	25784
21608	11733
21608	16429
21608	17285
21608	25615
10458	449
10458	500
10458	9892
13388	12739
13388	18676
12739	4847
12739	10842
18676	11461
18676	13388
18676	16755
1711	6813
6726	1711
16931	22046
21491	7689
21491	16389
21491	19179
21491	23552
16414	9937
16414	20148
16414	21754
16414	23806
16414	25585
25408	15786
8378	15846
135	4102
135	6408
135	15816
6408	5835
6408	9889
6408	23134
9889	365
9889	6774
9889	17655
9889	18579
9889	18736
9889	21012
773	570
773	1186
773	6179
773	7956
773	11472
773	12851
773	15003
773	20108
773	20635
773	21281
773	22691
773	24955
21847	46
21847	1653
21847	1997
21847	4164
21847	7956
21847	9341
21847	13060
21847	14540
21847	14807
21847	15003
21847	15659
21847	19423
21847	21281
14628	12212
12842	3194
12842	9946
12842	20014
215	1858
215	3939
215	8280
215	17751
215	22793
185	351
185	1074
185	3939
185	18649
351	18649
351	18943
351	19573
351	22601
1074	351
1074	4512
1074	18095
1074	18649
1074	18943
1074	22793
1858	19573
3939	351
3939	17751
3939	18943
4512	215
4512	351
4512	1074
4512	1858
4512	3939
4512	17751
4512	18095
4512	18943
4512	22793
6892	215
6892	1858
6892	18649
6892	18943
6892	19573
6892	22601
8280	351
8280	1074
8280	6892
8280	18143
14542	215
14542	22601
17751	351
17751	1074
17751	18943
17751	19573
17751	22793
18095	1858
18095	6892
18095	8280
18095	18143
18095	18943
18095	22793
18143	185
18143	8280
18143	18649
18649	215
18649	18943
18649	19573
18649	22793
18943	185
18943	1074
18943	1858
18943	3939
18943	6892
18943	8280
18943	14542
18943	19573
18943	22601
19573	4512
19573	18095
22601	215
22601	351
22601	1858
22601	4354
22601	5412
22601	6544
22601	7357
22601	8280
22601	11445
22601	18095
22601	18185
22601	19246
22601	20780
22601	23514
22793	1858
22793	4512
22793	14542
22793	19573
5835	7245
5835	19164
18160	6219
18160	24568
24568	6219
24568	15600
24568	18161
5555	10942
5555	22758
7459	4877
7459	9572
7459	16310
3804	6556
3804	6857
293	3804
25215	5359
25215	6934
23344	1000
23344	14485
23344	15931
23344	25358
10956	22574
22899	13929
22899	14093
23552	8768
23552	14093
23552	22975
23552	23805
23552	25562
14093	21466
14093	22899
14093	23552
1425	6832
1425	15552
18940	3990
18940	4635
18940	7307
18940	24860
10235	5052
10235	8053
10235	10519
10235	20511
24620	10235
24620	16568
22483	9138
22483	9432
22483	9522
22483	20229
22483	20230
2926	22275
22275	6023
22275	13624
22275	19682
14499	6075
14499	20345
10801	10350
10801	13647
10801	19146
10801	22265
10801	23622
11902	10801
11902	23870
23870	11902
2607	3450
2607	5130
2607	5353
2607	12165
2607	12722
9450	5130
9450	12165
9450	12722
9450	20003
1217	12491
1217	13384
1217	21708
2165	3501
2165	12491
2165	14430
2165	22462
2165	23233
6033	13384
6033	22242
23233	1217
23233	21638
1172	21048
1172	22018
8408	14102
8408	23770
11493	23770
5059	21530
21530	13485
11032	10719
22074	11032
22074	14265
22074	17729
3909	5787
3909	7689
3909	16575
3909	22184
3909	22393
3593	7504
3593	14265
3593	23186
3593	23909
16607	3593
16607	18237
25872	7504
20148	1488
20148	8630
20148	8768
20148	11400
19219	25286
24860	26005
25948	1000
25948	24199
25948	24860
11617	11902
8774	6943
8774	25902
25902	1014
25902	5209
25902	12478
25902	21027
25902	24057
21823	10435
10435	8774
1765	19711
1194	21858
7829	1896
7829	19101
19101	715
25435	1519
25435	6095
25435	24270
4868	12599
4868	22046
4868	25827
302	11490
11490	302
11490	13008
22028	7882
11733	80
17285	676
17285	11733
2501	5564
2501	6804
2501	19624
2501	22758
24559	1910
24559	7383
24559	8552
24559	9316
24559	14615
24559	17187
24559	23038
24559	24814
7264	8224
7264	13096
7264	13276
7264	13740
7264	15917
7264	25006
1736	10539
1736	19462
14424	1736
19462	12070
19462	14424
12155	78
3228	11557
3228	15477
15477	281
15477	3228
15477	3654
16640	26098
23855	4013
23855	8641
21635	1600
1600	14020
1600	21635
23175	25662
6023	1658
6023	3721
19404	17304
19404	23986
10055	4241
10055	8074
10055	25758
26005	24860
4727	123
15559	3980
14627	25931
17991	4798
17968	3875
17968	13556
9094	19061
25006	1588
25006	4550
25006	7264
25006	8972
25006	9419
25006	9511
25006	12373
25006	13142
25006	13740
25006	13801
25006	14128
3651	4354
3651	5412
3651	6351
3651	7719
3651	10477
3651	10881
3651	17266
3651	24924
23866	24183
17392	23503
14051	21016
9829	1000
9829	2202
9829	2936
9829	16994
9829	18905
9829	21563
8579	19607
21206	23175
16770	17038
16770	24578
21968	15198
21968	15455
21968	16770
21968	19781
21543	1327
21543	10825
21543	23647
6179	2212
6179	2952
6179	3372
6179	4164
6179	4382
6179	6610
6179	6830
6179	7956
6179	8879
6179	11241
6179	12781
6179	12851
6179	14807
6179	18894
6179	19423
6179	20108
6179	20562
6179	22691
14924	2789
14924	6160
14924	15920
14924	16994
14924	19090
14924	24583
14924	25228
18408	6583
18408	17038
2536	16041
16041	2870
24753	3922
24753	25383
22620	17501
2449	2535
2449	4755
2449	15933
2449	17807
2449	18225
2449	18778
2449	19114
2449	22197
7586	1736
20478	1339
20478	8715
20478	13929
20478	15580
20478	16393
20478	17330
20478	22917
20478	25006
23038	7383
23038	7522
23038	8768
23038	10096
23038	10819
23038	11231
23038	12654
23038	15580
23038	15917
23038	16389
23038	16414
23038	18790
23038	20478
23038	21379
23038	22476
23038	25572
12491	21779
12491	24942
24503	12491
24503	24942
2119	7637
7637	2119
6468	7689
5287	1029
5287	17075
5287	17273
5287	20000
5287	20787
5287	25050
17273	25050
1997	13060
1997	14807
1997	21012
2741	45
2741	2952
2741	2980
2741	4513
2741	4632
2741	6179
2741	6774
2741	6830
2741	8503
2741	11472
2741	12851
2741	13597
2741	14807
2741	15003
2741	17692
2741	18208
2741	20562
2741	20635
2741	20774
2741	21281
2741	22691
2741	23293
13060	14807
14807	45
14807	1653
14807	2741
14807	2980
14807	4164
14807	4511
14807	5134
14807	8503
14807	11241
14807	12781
14807	12851
14807	13060
14807	14540
14807	15659
14807	20635
14807	22421
14807	22691
14807	23293
14807	24955
24955	570
24955	1997
24955	2212
24955	2980
24955	4164
24955	9785
24955	13060
24955	15659
24955	17692
24955	19423
24955	19961
24955	21847
24955	22887
16921	1280
16921	6707
21646	15479
21646	16921
10555	17228
11591	1958
5541	2710
5541	2959
5541	24431
4583	13614
2420	10130
5621	9755
5621	11613
5621	16032
5621	17439
5621	18487
5621	25205
12112	25902
18140	8471
18140	14599
18140	18331
18140	18511
18140	20879
11891	1105
11891	20243
20879	16331
20879	16649
20879	18140
20879	19184
20879	26127
20215	21333
21333	20215
7774	5464
7774	22599
19340	7584
19340	12763
19340	16347
19340	19297
5503	11213
25877	5503
25877	5843
7584	16347
18097	7584
272	15300
272	19012
2912	4351
2912	6175
2912	8215
2912	8310
2912	11811
2912	11840
2912	19012
11811	2912
11811	11840
15300	272
15300	2912
15300	11840
15300	14181
15300	19012
15300	19048
15300	20305
19012	272
10456	676
10456	2797
10456	12639
10211	4673
10211	11077
6030	12664
11696	8224
11696	11182
11696	13276
11696	16210
18511	2848
18511	18778
22366	2368
22366	11696
22366	19168
22366	20119
20229	4775
15784	6610
15784	9785
15784	17589
15784	22527
13384	1217
13384	2165
13384	6533
13384	25911
12599	1258
12599	4868
12599	9483
12599	12032
12599	25250
25250	17729
25250	21162
10879	13659
11925	10879
13659	10879
15082	10879
15082	11925
15082	13659
6627	23689
9066	5901
9066	11979
9066	14308
5194	15880
1254	5385
1254	20511
5385	2556
5385	16568
5385	18723
5385	21090
5385	24293
3890	23145
16056	3890
16056	7573
16056	7985
16056	18521
16056	21391
244	14952
14952	3752
14952	4650
14952	15971
22246	244
3721	19404
17721	10983
17721	16765
17721	17017
8925	21450
3743	839
3743	5848
3743	21184
10351	14123
25996	1545
25996	7069
25996	8547
25996	22798
5953	12874
5953	13142
5953	19493
5953	20716
5953	23134
5953	23149
23134	5901
23134	5953
23134	9735
23134	10588
23134	13142
23134	15311
23134	19657
5230	14265
15435	7069
15435	16485
15435	18381
15435	19686
20248	16834
7863	8177
8547	24568
8547	25996
17266	8552
17266	14615
5712	7204
5712	7442
5712	12641
5712	13068
5712	20168
5712	23723
5712	24371
5712	24453
339	3032
339	3730
339	4743
339	4748
339	5621
339	6700
339	9755
339	11015
339	17439
339	18971
339	19216
339	21321
339	24295
339	25396
11868	339
11868	6934
10711	1963
10711	4302
10711	13282
10711	22778
17359	364
17359	396
17359	1963
17359	13616
11442	11919
11442	13651
11442	23266
5425	16109
5425	16224
5425	21808
25069	2239
25069	21927
15718	23708
3730	3310
1588	8063
1588	8972
1588	9066
1588	10652
1588	13801
1588	15814
1588	22979
1588	23805
1588	23967
5695	2877
5695	3006
5695	7481
5695	9338
5695	12611
5695	12861
5695	14403
5695	22082
5695	22493
5695	23134
5901	5695
5901	7481
5901	14403
5901	21614
5901	22082
5901	22722
5901	23939
5901	24614
4743	339
4743	624
4743	13714
4743	19640
4743	20511
4743	25396
3006	5695
3006	23939
2326	15300
2326	19048
2326	26088
19048	2912
19048	7475
19048	11607
19048	15799
26088	10211
26088	10931
26088	15300
5787	3909
5787	7712
5787	9283
5787	10942
5787	11806
5787	18894
17403	20149
17403	23918
6266	2326
6266	2912
24240	267
24240	8386
24240	12187
13291	10081
13291	20792
7885	19551
4416	1859
4416	2155
4416	3630
4416	4298
4416	7911
4416	9889
4416	13142
4416	16817
4416	25006
17414	25378
7801	3631
18521	16056
18521	23901
18271	2511
18271	18152
13702	14667
13702	17874
17874	13702
45	773
45	8879
45	9785
45	11472
45	12851
45	15003
45	21281
45	23293
45	24955
45	25346
45	25758
4511	45
4511	2741
4511	11472
4511	12496
4511	12851
4511	14807
4511	18174
4511	18894
4511	21281
4511	21508
4511	22887
4511	25346
23063	11733
9616	11733
11325	16324
11325	17746
11325	25729
17746	9710
17746	21712
17746	25729
25729	11325
25729	17113
25729	17746
21281	46
21281	1265
21281	1653
21281	2952
21281	3063
21281	4164
21281	4446
21281	4511
21281	5639
21281	6830
21281	9755
21281	9785
21281	12851
21281	18894
21281	19140
21281	19961
21281	22691
21281	23293
21281	23864
23293	934
23293	1653
23293	3372
23293	3595
23293	4164
23293	4511
23293	4513
23293	6179
23293	9572
23293	9785
23293	12781
23293	14540
23293	15003
23293	15659
23293	18894
23293	19423
23293	20108
23293	20562
23293	20644
23293	24955
22917	17439
22917	22951
20940	6176
22879	20940
22879	21125
4351	6264
4351	8968
4351	26171
26171	4351
3630	4416
3630	7715
3630	8150
3630	23939
22253	16703
5738	8349
11604	16083
615	13501
615	17932
615	19107
615	23145
19781	6919
19781	11591
19781	19358
19358	6081
8505	13929
4638	3593
2115	12141
2115	13711
2115	18443
4756	8666
8666	4756
8666	10081
8666	11284
9241	6524
9241	6934
9241	22644
4472	19865
3927	14265
20616	22574
22574	11602
11175	3872
11175	8612
15552	1425
15552	2883
15552	9482
15552	11175
15552	21508
15552	23481
15552	23841
9482	2980
9482	7533
9482	9755
9482	11175
9482	15003
9482	22937
9482	23363
15003	773
15003	1653
15003	2055
15003	4632
15003	6830
15003	7956
15003	8879
15003	11241
15003	12553
15003	13164
15003	14512
15003	14807
15003	15659
15003	20562
15003	20774
15003	22691
15003	22887
15003	25758
23481	8612
23481	9482
23481	11175
23481	15552
24199	25948
12032	1258
12032	21584
12032	25250
15495	16505
24970	10640
24970	12614
9264	15495
9264	24932
19146	10801
22265	3037
22265	4624
22699	4068
22699	25698
2339	24594
5477	14496
1963	10711
25125	12286
23558	5529
23558	10942
5655	2771
5655	13352
5655	13619
5655	18585
5655	19022
5655	20513
5655	22426
19022	26181
3916	135
3916	5729
24614	5901
24614	10588
4199	19936
6443	4199
6443	19932
6443	19936
19932	6443
25864	4199
25864	6443
19936	4199
19936	19932
8596	7863
17944	20884
17944	24939
20884	17944
9471	492
9471	1229
9471	8151
9471	9021
9471	14599
9471	16882
9471	17944
9471	19586
9471	20884
9471	24861
2348	5597
18383	9994
18383	17276
178	12701
7475	10931
25316	11841
4211	5392
4211	17808
4211	25962
11876	4211
11876	17626
24121	4211
24121	7541
15305	15171
15305	20100
15171	15305
17864	15171
17864	23417
18517	7712
18517	10623
18517	22778
18517	23943
12720	9659
12720	11318
12720	11372
12733	4138
12733	8968
12733	11372
12733	12720
14886	2455
2915	17359
11426	21131
5156	12707
5156	17933
294	8626
8626	294
25537	3007
8428	10637
8428	18603
10637	8428
10983	2115
10983	5302
10983	7899
10983	13711
22309	17501
8134	4952
8134	16213
8134	24870
12687	12803
12687	15596
12687	17592
15657	5107
4115	22691
12938	4115
12938	13364
12938	22726
12938	25836
25836	13364
25836	19215
25836	22691
25836	22966
17990	10878
17990	26020
20003	9450
20003	24330
21718	9450
21718	20003
11112	9093
11112	17379
14864	13174
23770	10711
23770	13276
6183	369
6183	7727
6183	23841
23841	5597
23841	5601
23841	8854
23841	22177
23841	23836
4822	18600
11700	13929
24161	16224
12141	24199
21549	21608
16266	12616
4485	16266
6503	1822
6503	12887
6503	21695
6838	19603
19018	17595
15614	10113
15614	11733
15614	16368
15614	17172
21864	4284
3839	4284
3839	15194
3839	16674
3839	17250
3839	26067
10463	9710
21379	6056
21379	11015
21379	15580
21379	16389
21379	17289
21379	19423
21379	20116
21379	22917
21379	23051
5302	4466
5302	10983
9643	3839
9643	22527
8352	9194
14004	8612
4713	12492
4713	16020
4713	24696
6824	16020
24696	1958
24696	4713
24696	6635
24696	10895
24696	16162
12492	1840
12492	6824
12492	16020
7154	21289
8312	18924
8312	25978
7277	16766
7277	17038
7277	19089
20169	9517
6524	23224
6524	24412
5363	253
5363	17122
5363	21051
10317	11816
9800	178
9800	18879
9800	23363
9800	26141
6448	1346
2136	9591
9591	17015
9591	25611
17453	309
17453	6012
17453	9591
17453	23946
24372	10310
17120	1050
9595	6744
6744	9595
10931	2912
11607	10931
20765	1125
20765	3501
20765	12453
20765	15477
20765	19962
20765	21051
21089	2200
21089	20052
21089	21162
15321	15943
9125	15943
8678	15626
12874	5953
12874	13801
12874	22144
12874	23939
1154	12930
12017	1154
12930	17591
12161	19162
23637	1093
23637	3059
23637	7689
23637	9572
23637	17626
23637	25903
11400	9325
11400	11318
11400	11328
11400	11372
11400	17126
11400	17764
11400	20148
12587	4896
12587	6971
12587	8737
12587	13597
12587	16742
12587	20303
12587	24402
3113	6558
3113	8312
3113	11621
3113	19161
3113	21831
15960	7277
7105	23841
25286	7105
25286	10000
25286	14089
25286	17337
25286	21634
25286	22177
25034	1674
25034	2713
25034	12927
25034	16837
25034	17228
25034	17559
25034	20004
25034	25516
20373	1341
20373	14357
20373	19568
12927	853
12927	8045
12927	15321
12927	19434
12927	25916
22790	10062
22790	23681
20635	570
20635	1653
20635	3372
20635	3595
20635	4164
20635	12496
20635	12781
20635	14807
20635	18894
20635	22691
20635	25758
15194	26067
23909	3593
12545	676
12545	3310
12545	3677
12545	4466
12545	5302
12545	5938
12545	18365
12545	23991
9974	269
9974	1217
9974	6629
9974	25648
4013	10878
4013	20059
4013	25516
22088	22224
22224	17937
22224	22088
12056	14599
14599	12135
14599	13096
14599	13520
14599	13624
14599	16649
14599	19945
14599	20168
14599	20879
743	4269
743	8612
743	17932
743	19159
743	26159
23092	20129
22457	3066
22457	5434
22457	5578
22457	7991
22457	8049
22457	11785
22457	15538
22457	17612
15528	163
15528	20893
19423	46
19423	570
19423	2212
19423	2741
19423	3372
19423	4511
19423	4513
19423	6056
19423	6610
19423	10910
19423	12365
19423	12496
19423	12851
19423	14540
19423	14807
19423	15538
19423	18894
19423	19961
19423	21379
19423	21847
19423	22457
19423	23452
19423	25758
19423	25777
24127	14771
23355	25180
24110	22336
3677	1620
3677	7204
3677	23991
3677	24057
25116	21697
21697	12689
21697	17560
17560	12689
17560	21697
12337	16310
22826	19442
12419	11626
3507	12419
19877	19313
19877	21755
11626	3507
4575	15582
4575	16953
4575	22644
23465	598
12758	4319
12758	15770
25582	16235
25582	23810
8045	9785
8045	19640
15829	3944
17979	6390
17979	13556
4650	6280
6806	2770
10600	23394
13493	23394
23394	13496
23394	23653
12287	15455
5225	7010
5225	20781
2490	834
2490	3193
5134	21012
3372	2212
3372	2741
3372	4511
3372	7956
3372	12496
3372	14807
3372	17692
3372	20562
3372	20635
3372	21281
3372	22691
23452	345
23452	773
23452	2980
23452	8049
23452	14807
23452	15538
23452	21012
23452	21432
23452	22691
23452	23628
23452	25053
23628	22691
2404	24955
22421	14709
9283	13164
9283	14540
9283	25143
12639	10456
12639	17414
25916	12842
25916	14007
25916	18973
25916	22721
3849	5225
888	1520
888	13614
1520	7007
1520	13614
1520	23351
4017	7888
4017	17291
7888	4017
7888	17291
593	9082
593	12066
593	12627
593	16778
593	20808
12627	2185
12627	11824
12627	12066
12627	18051
22108	6808
22108	23555
17149	3265
17149	16225
17149	26058
23901	18521
3033	1498
3033	14707
9893	20526
20526	9893
884	24781
24699	884
24699	17800
24699	24781
3164	8824
3164	13364
3164	18487
20892	5830
3136	11108
3136	13966
11108	3136
1149	1000
1149	16234
16234	18373
18373	19871
18373	25526
10251	17626
23786	21450
2287	6375
2287	18580
2287	20613
15905	14020
1488	9194
1488	13801
1488	15108
1488	16264
1488	18741
1488	20148
25086	2568
25086	9892
19445	7442
2350	10956
2350	25405
25405	10956
25698	5934
25698	9986
25698	13276
25698	23805
8200	12302
12302	8200
11964	6963
11964	19865
16694	6963
16694	11572
16694	11964
6963	7956
6963	16696
6963	19340
16696	11964
12187	9391
12187	10966
12187	12637
25225	12187
25225	20702
11785	2059
11785	17655
11785	22372
11785	22457
20595	6465
20595	15891
20595	17385
3845	2042
18453	2530
18453	7197
18453	11696
18453	17807
18453	18225
18453	18778
1914	12070
1914	14424
12070	5605
12070	14424
11052	1599
11052	13659
26168	11052
26168	13859
12654	24753
15667	20303
15667	24330
245	16976
16976	17248
16976	20618
16976	26196
10871	9392
10871	11712
10871	18612
10871	25378
2556	13422
2556	13556
2556	16349
15235	3096
15235	7442
15235	7768
15235	17191
15235	23967
15235	24371
1350	5993
5993	953
5993	1350
5993	8254
5993	23224
8742	80
12101	2512
12101	10588
12101	23420
20613	8592
20613	11861
20613	19464
11746	676
11746	9597
676	345
676	4846
676	10549
676	12085
676	12545
676	13411
676	17285
676	18866
676	20850
676	24293
20850	345
20850	676
20850	2654
20850	4846
20850	13220
1787	14550
13056	1373
13056	14982
13056	18540
13056	19791
13056	24696
18875	8365
20806	9017
5444	13931
5444	21608
15258	2072
2072	7071
2072	8195
2072	8471
2072	15258
7071	15951
15951	2072
15951	7071
15951	15258
15951	17740
10039	11964
14165	6156
14165	13384
14165	18381
3999	4550
2340	2443
2340	8116
2443	8116
2443	15395
8116	2443
8116	6056
8116	6918
8116	8625
8116	13369
8116	22457
16906	2443
16906	9889
14430	6154
14430	22523
14430	24705
25957	12046
10406	2182
10406	7578
10406	14746
19723	7911
19723	10406
16674	3839
16674	3955
16674	4146
16674	9785
16674	15623
16674	17250
16674	23470
3955	10532
3955	16674
10532	3955
10532	7524
10532	8721
10532	15005
10532	16674
23470	3839
23470	3955
23470	13220
23470	16674
25378	16469
25378	21391
12235	11522
22129	25387
11495	9946
11495	12842
11495	20014
17950	15353
8530	10906
26170	8701
6154	1073
6154	5194
6154	10791
6154	18297
6154	18540
6154	20335
15608	6154
15608	18540
18540	3681
18540	6154
18540	7615
18540	10791
18540	13056
18540	15608
14149	16648
14149	23530
7725	14430
7725	15608
7725	18540
9306	615
9306	4289
9306	9135
9306	12160
9306	12606
9306	19809
9306	23038
9306	23145
13501	615
3096	6732
3096	7442
3096	12806
3096	18286
3096	24371
7450	18286
7450	23967
13955	3096
13955	7442
13955	18193
13955	22609
13955	24371
18286	11712
18286	13955
18286	16106
18286	17670
18286	23967
23967	1588
23967	7450
23967	13955
23967	15235
23967	22979
4896	11275
4896	12043
4896	12587
8876	10990
22190	7885
4128	22253
20511	4748
20511	10235
20511	14767
20100	10825
20100	13801
20100	20119
20100	21543
20100	22366
17750	11279
15600	1545
15600	24568
7307	1090
7307	12324
7307	13142
7307	13831
7307	14319
2047	3632
3632	15383
3632	24385
6575	3716
6575	15383
6575	24101
6575	24385
15383	2047
24385	2047
24385	6575
24385	8391
24385	14497
24385	24101
18894	45
18894	2741
18894	12981
18894	17692
18894	20635
18894	21012
18894	22691
18894	22887
17113	17038
17113	26004
22188	9943
22188	16357
22188	23110
13190	7579
13190	14007
13190	23708
14007	2710
11861	4080
11861	5542
11861	8592
11861	14746
11861	21550
11861	24220
11861	25553
9649	10251
17626	2309
17626	7104
17626	17808
18415	4633
18415	7194
482	5056
482	14037
482	16469
482	19613
482	21048
26194	3441
26194	10268
7625	19078
1386	2720
2720	9124
17240	11490
22523	7725
22523	10024
22523	15435
22523	23713
10376	15325
9207	2870
9207	20391
19204	6746
19204	7935
19204	8680
19204	13813
19204	20344
23204	7935
23204	9184
23204	17559
23204	19206
23204	20344
23204	25034
2591	8916
2591	10762
5083	5084
8711	5084
5084	5083
5084	8711
9265	8254
11372	1172
11372	4139
11372	11379
11379	9491
11379	11400
21860	8823
4180	45
4180	25758
15959	283
15959	6154
15959	15931
15959	18297
15959	24009
15959	24444
21707	18487
21707	25271
2316	11929
2316	11939
11939	16935
15365	3561
15365	7007
15365	16931
15365	22046
19686	20335
10895	21100
20086	15715
18037	12334
925	8615
8615	925
8471	4379
8471	14711
8471	18140
5812	20618
20618	5812
17291	4017
17426	9264
24932	8862
24932	9264
21324	10620
21324	11491
21324	22530
8715	23038
11602	12187
1685	864
1685	1311
1685	3983
8263	17882
8263	25957
18983	18217
11194	14325
11194	16511
11194	21297
5849	11194
8592	6172
8592	14933
6172	11861
14933	8592
17172	10113
17172	10657
17172	15614
17172	17285
16389	9937
16389	11015
16389	16210
16389	17289
16389	22476
4068	8768
4068	21491
4068	21994
4068	25698
12722	2607
12722	4988
12722	9450
24578	21968
15998	9913
15998	11557
20335	15435
20335	19686
23529	281
18579	14552
18579	15571
18579	15585
18579	20215
7087	16011
7087	22929
7087	25569
9984	25569
25569	7087
25569	9984
25569	12166
25569	16006
4080	14747
14746	8365
14746	8732
14746	8888
14746	10022
14746	13067
14746	13801
14746	16659
14746	19324
14746	20000
17331	6700
22806	23950
22951	11077
1407	4550
1407	13142
26	11801
1620	3310
1620	7689
1620	15329
1620	24057
7039	25569
12166	7039
11223	10762
11223	16310
95	15524
4371	24183
11629	21994
19580	18973
21994	9943
21994	13929
21994	20106
21994	20129
9943	11733
9943	13929
12130	22693
25050	5597
25050	11113
25050	14308
25050	20787
543	2193
543	5659
543	5812
543	8387
543	21205
543	22831
543	24833
2193	1958
1958	543
1958	9216
1958	24696
6918	8116
12664	6030
12664	15191
14345	24240
5212	6628
5212	19444
5212	25139
6628	25139
19444	25139
25139	5212
11610	11696
9126	11610
9126	18453
20495	1217
5807	13929
5807	14009
5807	21495
18782	7277
21075	1321
21075	2042
21075	21089
12659	10762
12659	21324
21808	5425
19159	9710
2044	4490
2044	17001
4490	3618
17001	9147
18013	2044
18013	17001
3618	869
3618	21798
21466	14093
8854	5597
18297	6154
18297	24578
10253	15799
23918	17158
23896	9082
23896	13333
23896	16888
23896	20808
23297	25436
1373	14690
7245	1373
7245	5835
7844	16726
7844	23403
16726	18866
16270	18543
16270	22463
12406	3878
25354	7204
25354	18447
25354	24160
2997	6888
11664	2997
11026	339
11026	11017
11026	24924
5240	8074
5240	9074
5240	12425
18920	12687
18920	15596
18920	20636
3681	17082
13328	7126
13328	7882
7882	491
7882	19248
5739	491
16347	4960
16347	7844
16347	17382
3048	3547
1008	593
1008	2185
2185	11824
2185	12627
2185	21815
11824	2185
11824	23896
12066	12627
12066	23896
20808	1008
21815	11824
17208	21929
21929	17208
21149	312
21149	16545
15395	2443
15395	8116
15395	8625
15395	13673
15395	24057
7958	25130
25130	14543
23485	811
11066	9266
10162	3651
1073	6154
3996	5631
3996	16067
7579	62
62	6575
62	7579
10966	12187
13153	267
13153	10966
13153	12187
19493	23149
2917	6031
16039	8064
16039	10791
16039	17821
19675	179
19675	1958
19675	4989
19675	5848
19675	18870
19675	22464
4458	23614
6878	22848
18088	8851
18088	24248
18217	11812
18217	18983
11812	18088
13801	1588
13801	3006
13801	4952
13801	7578
13801	10588
13801	10652
13801	12687
13801	12874
13801	14932
13801	15325
13801	16647
13801	19387
13801	20119
13801	22144
13801	23412
13801	23967
13801	25006
16647	13801
9769	14932
9769	22489
14932	13801
14932	14746
14932	22489
14932	23681
13496	23665
3716	4704
3716	8801
2388	24385
23614	179
23614	1829
23614	1982
23614	8387
23614	24833
8680	23204
16817	3630
16817	4416
16817	23939
12311	12675
6264	4351
6264	4483
6264	9890
6264	11107
6264	12849
6264	18234
6264	18331
6264	21220
6264	22275
6264	23506
6264	23620
376	2611
376	16620
16620	376
13999	13801
13999	24870
12675	6408
12675	12311
12675	21125
14834	1267
14834	1511
14834	24718
10872	24250
9630	10252
16820	10252
4877	24932
5570	2490
834	2490
834	11447
15882	3228
10381	12842
10381	18736
10381	25916
22721	10381
22721	25916
24852	14159
299	14174
299	22075
18746	299
22051	299
22051	14616
5659	543
12313	5659
13520	122
13520	6530
4525	10490
4525	10588
4525	21754
4525	24762
6337	2773
6337	16486
10490	3916
10490	5352
10490	13966
2511	8523
19964	2516
19964	10923
19964	16013
16013	19964
10923	21998
1796	3386
3386	1796
3386	23614
3386	25442
19980	18397
19980	25541
5957	6077
5957	6611
5957	14090
5957	21832
5957	24814
5957	25541
7716	24814
11233	5957
11233	7716
11233	12118
11233	18397
11233	25541
12118	6077
12118	8672
12118	18397
12118	19980
12118	25541
14090	12118
18397	5957
18397	7716
18397	14090
24814	7716
24814	8672
24814	11865
24814	14090
24814	21832
24814	24559
25541	5957
25541	14090
8704	12930
19507	3199
21695	4261
21695	6503
21695	7772
5564	22177
17090	8871
25557	8871
25557	13929
9659	12720
25598	12720
3772	22830
23758	9017
23758	18875
23720	4493
18208	11461
18208	14661
18208	16262
18208	17536
18208	25896
25304	14854
14512	2741
14512	4632
14512	7956
14512	12365
14512	12781
14512	15003
14512	18866
14512	25304
24219	2255
24835	15582
24835	21930
24835	24219
15891	6465
15891	6823
6823	1151
6823	2410
6823	17385
6823	20595
6823	22032
6823	24294
6465	3321
6465	17385
25152	14967
2124	25152
1234	5134
25053	1234
25053	21432
25053	22691
25053	25271
9413	5825
5166	5597
18543	22937
20375	12406
20375	16270
22371	14638
13422	2556
13422	15665
13422	16154
1613	13422
1613	15217
15217	16154
16154	915
16154	13992
16154	18624
16505	8925
16505	11631
16505	15495
13220	24148
22336	12040
22336	22265
22336	24110
4015	15552
18066	12787
21621	17343
21621	18066
12787	21621
12787	24877
2991	8851
25382	21699
11213	18557
18557	11213
19909	23474
23474	24765
24765	19909
24097	18582
24097	21771
24097	22375
24097	23419
10763	14337
10433	2593
15253	13801
8823	3231
8823	9639
8823	16352
8823	20532
8823	21860
8823	22466
22466	10500
22466	17546
25710	21432
23681	13801
23681	15325
23681	17911
26127	20879
17911	1229
17911	18736
17911	23681
17911	26127
17911	26176
23480	23652
2922	1310
8208	23382
15580	17330
15580	20478
15580	21379
15580	23038
15325	4102
15325	13801
15325	23681
1278	6218
1278	22235
6218	3716
6218	15125
6218	21220
6218	22798
20641	178
20641	10130
25209	18246
19489	836
19489	1511
19489	4249
19489	11416
19489	13740
19489	14834
19489	15244
19489	16747
10539	2085
10539	3099
23751	62
23751	9964
14003	18209
5529	9459
5184	21779
8643	21779
21779	5184
21779	12491
10338	7523
10338	12458
10338	12460
10338	16651
19378	7523
19378	10338
15416	8851
1343	8851
3977	2465
3977	8254
161	3105
3105	161
22719	22720
6732	3032
6732	13955
6732	23967
19013	11026
7985	385
7985	1323
7985	2654
7985	13966
7985	14377
7985	16056
7985	16872
7985	22225
7985	23620
24816	9871
19996	20078
19996	21401
20078	19996
19464	23968
11132	2661
11132	12980
11132	23382
12980	14969
12980	23382
4164	45
4164	773
4164	2952
4164	4513
4164	12496
4164	12851
4164	16594
4164	17692
4164	18681
4164	20108
4164	20562
4164	21508
4164	24955
4164	25346
4164	25758
4125	14123
4125	22894
8517	5434
8517	10235
8517	22457
1098	4351
7956	2952
7956	3409
7956	4513
7956	6963
7956	11472
7956	15003
7956	15659
7956	17655
7956	18894
7956	21012
7956	22887
12365	45
12365	2055
12365	2212
12365	2952
12365	7844
12365	11472
12365	11785
12365	12496
12365	15003
12365	17655
12365	19423
12365	19954
12365	20108
12365	20562
12365	21281
12365	21508
12365	22691
12365	24955
12365	25346
12365	25442
12365	25758
17655	45
17655	570
17655	676
17655	4164
17655	4952
17655	12085
17655	12781
17655	14807
17655	15659
17655	16115
17655	17692
17655	21583
17655	21800
17655	22144
17655	25251
25346	4164
25346	4511
25346	4513
25346	4632
25346	6179
25346	7956
25346	8879
25346	17655
25346	18866
25346	20562
25346	20635
25346	20716
25346	21847
25346	22691
25346	25758
5485	7449
5485	23870
19578	18051
11182	23441
5107	1000
5107	2074
5107	7504
5107	7615
5107	12212
5107	15657
5107	17800
5107	19080
5107	25565
17800	751
14102	9572
14102	22598
16521	17172
16521	20148
16521	20526
8374	19865
17465	23107
495	1854
495	9458
9458	2846
9458	14967
2087	4364
4364	1023
4364	2993
4364	6271
4364	15562
4364	24616
4364	24617
4364	24819
4377	7023
6271	1023
6271	4364
6271	6387
6271	7023
6271	14379
6271	15708
6271	15714
6271	15805
6271	18396
6271	18952
6271	24616
7023	2993
7023	13404
24722	6158
24722	23665
6158	24722
18592	2504
18592	9360
18592	19585
14369	2443
14369	15395
14369	23051
17738	14369
19890	21560
19598	11216
12786	7463
12786	13673
12786	15395
12786	24057
12786	25111
13673	15395
21321	1620
21321	3310
21321	22376
21321	24295
4442	3827
4442	4442
4442	14534
19871	18373
13619	5655
13619	22426
18585	2771
18585	5655
18585	13619
18585	22426
22075	299
1075	12587
13641	5825
11577	11465
8074	10055
20196	3418
20196	3765
10096	7522
10096	7689
10096	9616
10096	11661
10096	13929
10096	16368
10096	16495
10096	21167
11734	11733
4466	18739
4466	21432
22758	5555
22758	5564
22758	7125
22758	7317
22758	25419
3501	3452
3501	9968
3501	10024
3501	17681
3501	20587
3501	20765
3501	21592
6583	2774
6583	3655
6583	3814
6583	9249
6583	12051
6583	12885
6583	15999
6583	21825
6583	25108
14089	13556
14089	18283
24489	25304
9511	2155
9511	17187
20902	4416
20902	20924
2076	16083
3076	12968
21629	1488
12389	23708
12389	24110
281	2562
281	11199
281	20567
281	23529
281	24032
18552	20567
12085	3409
12085	3890
12085	12365
12085	25201
1653	46
1653	3372
1653	4164
1653	6830
1653	14540
1653	17655
1653	19423
1653	20108
1653	20116
1653	20562
1653	20635
1653	21379
1653	21508
1653	22691
1653	23095
1653	24023
1653	25346
1653	25758
22299	6010
1656	21531
5828	1656
21531	1656
21531	5828
25562	13929
25562	17135
24057	3677
24057	7463
24057	8774
24057	12545
24057	12786
24057	15329
24057	15395
950	1653
950	7087
950	23051
19895	3501
20942	19895
12414	3102
12414	14431
24439	18562
24439	20537
13164	4164
13164	9785
13164	10926
13164	15003
13164	16594
1092	23226
9387	18365
14615	12735
14615	17089
14615	18140
14615	21587
12286	8305
20959	12286
5740	5052
19585	2504
4793	16543
22964	16543
15516	19004
20552	19612
20552	20553
2451	20248
5510	7844
5510	18051
6748	2042
22018	1172
22018	17764
22018	25660
12472	8876
12472	21968
21316	9572
9785	2212
9785	3372
9785	4146
9785	4511
9785	6610
9785	6830
9785	8879
9785	10926
9785	12553
9785	12781
9785	12851
9785	17250
9785	18866
9785	19640
9785	19870
9785	21281
9785	21847
9785	22527
9785	22691
9785	25346
2560	10926
2560	13164
2560	15003
2560	21508
4146	2560
4146	9785
4146	15003
4146	16594
4146	17250
4146	21508
16594	12781
16594	14512
16594	15003
16594	18668
18668	4146
18668	16594
21508	45
21508	2212
21508	2741
21508	3372
21508	4164
21508	6179
21508	8879
21508	9482
21508	9785
21508	12365
21508	12496
21508	12781
21508	15552
21508	17655
21508	19961
21508	20108
21508	21847
21508	22887
14540	2212
14540	2741
14540	4513
14540	6830
14540	7956
14540	8879
14540	9785
14540	12496
14540	12851
14540	19961
14540	20562
14540	20635
14540	21012
14540	22887
5241	15477
5631	3996
16067	3996
14325	11194
14325	15799
9184	1408
9184	14599
9184	14647
9184	17911
9184	21646
21798	20850
21798	24293
17187	9511
24207	1281
18621	1281
18621	3653
17588	24207
12551	10163
12551	17588
12551	25287
9962	22428
22428	9962
1838	10268
1838	12733
10004	25234
17306	22555
17306	25234
20052	2200
20052	22074
18314	9037
18314	18314
18314	18370
18314	20434
18314	23506
9037	17999
9037	18314
9037	21220
7853	2526
7853	6364
7853	6494
7853	6857
7853	14976
9946	12842
18182	6804
9959	6008
5081	12256
12256	5081
20716	3651
20716	5901
20716	7357
20716	11445
20716	12788
20716	23514
12781	2212
12781	4511
12781	4513
12781	6963
12781	7384
12781	11241
12781	11472
12781	12496
12781	12851
12781	17692
12781	18894
12781	19423
12781	19865
12781	20562
12781	20774
12781	21508
12781	22691
1674	3323
1674	25034
21943	352
21943	17228
1186	45
1186	12365
1186	18719
10655	12742
12742	11318
1109	10655
19164	7245
19164	8031
19164	14690
12798	19507
19060	11791
5116	5107
5116	13469
19080	5116
14067	5107
14067	5116
7125	22758
2950	5359
12380	25235
15166	14746
3990	14746
3990	15166
25402	1694
25402	12070
4724	19865
1124	491
1124	17082
25607	4431
25661	9659
25661	12720
25661	25607
15821	14834
15821	22100
22100	358
22100	2394
22100	3006
5125	4952
5125	21727
15005	7524
15005	10532
15005	15184
7524	15005
7524	16022
7524	18685
8721	16022
15372	8504
15372	10532
15372	16022
16022	7524
16022	8721
16022	15372
16022	18685
18685	8721
18685	15005
18685	16022
22083	8721
22083	15372
22083	16022
22083	18685
16575	10907
3265	16324
3265	17149
3265	26038
7010	5225
20781	5225
20781	7010
22528	7350
4451	24330
23051	2443
23051	8116
23051	9993
22376	3310
24295	22376
19527	5695
19527	5901
19527	22082
18586	25540
25540	27
25540	19081
10543	9943
14970	10543
9325	11400
9325	21409
17764	11400
23714	15846
21650	16056
21650	23708
15172	11093
1857	12053
3967	12053
12053	880
12053	1857
8298	2115
4019	24957
24957	5626
5626	24957
18946	24924
12860	18487
16853	17501
9862	4148
9862	4550
9862	9863
9862	12370
9862	16853
18030	727
18030	4765
3516	12618
1378	7877
7877	1378
7877	11622
7877	15422
10564	2984
12040	3850
12040	13346
13346	113
13346	4103
13346	12312
13346	17994
9128	12040
3922	3204
3922	11557
3922	25937
18984	2476
21614	5901
18189	9710
17599	22826
187	1821
187	21386
1821	187
12884	17825
12884	22366
731	18719
1116	7726
6305	7726
6305	14872
7726	6305
7726	14872
14870	1116
14870	6305
14870	20316
14872	1493
14872	2452
14872	6305
14872	14153
18331	4422
18331	6264
18331	21653
8768	3630
8768	8150
8768	9937
8768	21379
8768	22975
8768	23038
8768	23552
14403	5901
14403	5953
14403	6724
14403	7563
7926	1310
7926	10942
7926	23186
18370	18314
18370	20434
3684	18314
7824	880
7824	12065
12065	7350
20341	8254
2526	6494
2526	7853
2526	14976
2526	21853
2526	24781
3067	18721
7650	2623
7650	3820
7650	3824
7650	4834
7650	5131
7650	6525
7650	7525
7650	17819
7650	18000
7650	22901
6808	7802
890	11197
26058	26130
16110	26058
16110	26130
26130	13035
26130	16110
1916	20953
1916	24463
20953	24463
24463	20953
15706	20776
17681	21723
20030	6529
20030	6543
16899	4952
15582	4575
15582	19992
15582	24835
19707	4782
19791	16265
5519	7154
5519	19697
26167	5519
21998	2516
21998	10923
21998	19964
2055	12365
13352	5417
13352	7645
24597	17280
20116	21432
12606	615
12606	4624
12606	9082
2783	1403
13013	1186
16006	9943
16006	11630
16006	13929
16006	16357
16006	21491
16006	25569
22693	12130
9758	19551
16210	4068
16210	16389
16210	24060
21142	16210
7861	12704
21221	14543
21221	25130
17297	16227
17297	25219
11842	1656
20184	24330
16324	3265
16324	11325
232	12587
6533	24204
8155	14430
24204	6533
820	14414
12049	17382
3056	15455
3056	17075
8628	194
13622	26038
21125	1962
21125	7278
21125	14559
22144	6380
22144	17655
22144	18215
18215	7882
22890	13832
9074	12425
9074	20489
12425	7088
4748	7717
4748	11015
4748	18971
4748	20850
5851	20207
19568	20373
3946	25931
20427	5107
20427	5116
18684	23418
23418	18684
25958	17724
25896	3827
25896	4442
25896	18208
10986	21910
14534	4442
14534	14123
14534	14559
14534	14691
14534	21125
14534	25437
25565	16475
1694	4575
1694	5605
1694	18719
1694	25201
6919	19781
4319	5255
4319	15770
5255	12758
727	8471
727	18030
9870	9124
24475	9124
10496	11372
10496	21409
21409	9325
21409	17764
8053	8517
19520	12387
19520	23554
23084	12387
23084	19931
23084	23553
3827	14534
22876	13384
22876	14079
22876	15829
22876	21032
12016	1000
12016	1149
12016	6904
20434	18370
23506	3431
23506	6264
23741	23967
9944	21491
18736	1408
18736	17393
18736	20373
9143	14599
14647	9143
14647	9184
345	231
345	676
345	11785
345	18866
345	19954
345	23452
11318	11400
11318	17126
20924	10427
20924	24601
15316	13220
85	18171
800	13167
13625	24471
4081	4275
4081	24471
18122	17683
18122	18771
18122	24593
18122	25875
16754	19612
16754	20552
16754	25086
19612	13469
16357	9943
16357	10543
16357	13929
12411	18595
25777	6056
25777	11746
25777	24023
25777	25777
6280	7463
6280	17861
7463	13673
7463	17861
7463	25111
17861	6280
22993	7087
20854	1711
20854	6813
3725	5505
3725	15911
15911	3725
15911	5505
1658	6023
1258	12032
21341	21491
9092	22493
9092	23614
11979	20902
23683	15616
15616	23683
14976	6364
2212	45
2212	3372
2212	4511
2212	7956
2212	10041
2212	11472
2212	12365
2212	12781
2212	17692
2212	18894
2212	20562
2212	20635
2212	21847
2212	25758
11231	17575
11231	18122
17683	18122
16756	4380
24402	12587
24402	16756
20129	21994
23429	17038
4139	10496
20002	4139
20002	10496
20002	11372
24293	3731
24293	23649
16332	10381
16332	20373
22609	13955
12046	25957
8801	3716
8801	4704
8801	15420
4704	12695
25442	941
8178	3345
19380	1695
13470	19140
13470	21281
19140	14317
500	9892
500	25086
13971	449
396	7098
9618	12193
12193	11285
14174	299
14174	24713
24713	10514
20046	3204
20046	13703
19107	9710
19107	22439
19107	22611
13831	9017
13831	12324
13831	15455
13831	17075
10684	20328
2142	20924
2142	23858
24601	20924
24601	23858
4051	21187
4051	26092
26092	4051
7533	3872
7533	12365
7533	21508
7533	25189
25718	4143
25718	11293
25718	17127
17127	11293
4143	11293
22848	6878
778	22235
19800	5826
19800	13673
22	25043
15793	11183
15917	23038
9892	11011
9892	25086
11011	449
11011	25785
25785	500
25785	9892
9030	1101
9030	4588
13664	19613
13664	25891
16940	482
21220	1278
21220	1823
21220	22031
16278	2165
16278	24705
22462	140
22462	16278
24705	8155
24705	24506
18222	7768
22426	5655
22426	7689
25487	19911
25868	8701
6229	7647
7911	5901
7911	8048
7911	15717
7911	16817
20599	2010
10847	10148
11328	11400
11328	12733
11328	16324
11284	4875
11284	10476
13404	4488
21152	13404
20157	11009
23412	13801
1430	21075
13205	13026
13205	25607
2394	13480
7013	200
7013	492
7013	8151
7013	9020
7013	9471
7013	16882
7013	19678
17345	13404
10824	3345
4588	9450
12165	24330
9647	7015
16941	19313
24340	2306
17612	11502
17612	12158
12290	17307
17307	12290
5545	18003
4135	1860
4135	16498
4135	24559
19301	18283
8215	15300
9915	24293
9138	22483
16274	5953
21322	4624
3073	3607
13196	25516
3321	6823
3321	15891
1908	2611
1908	16620
16621	1908
16621	2611
13995	10041
13995	25346
1058	3310
1058	3685
1058	14661
14661	3310
14661	3685
14661	17794
14661	19562
14661	21321
14661	23723
14661	24477
25853	8404
25	22891
17124	11318
13202	16703
11621	3113
11621	10765
11621	14265
11621	18924
11621	25978
7959	17113
7916	21523
18677	6427
7522	10096
7522	21491
23303	18196
18196	4656
231	9482
231	17655
231	22691
231	22937
231	24841
4875	11284
11844	4875
11844	7854
915	16154
915	18624
18624	16154
4834	3820
4834	6456
4834	9433
4834	14157
4834	15148
4834	17600
4834	17819
4834	17823
4834	18444
4834	24479
4835	1668
1668	4834
18158	21317
21317	12212
2993	2087
22975	15669
22975	23552
22975	25562
1550	20952
4493	930
4493	17189
10559	18245
12763	10039
20391	9207
20391	22555
20391	23403
20391	25378
46	2952
46	3372
46	4511
46	9785
46	12365
46	12496
46	12781
46	15659
46	20562
46	21508
46	25346
46	25758
19961	570
19961	2212
19961	3372
19961	6610
19961	14540
19961	14807
19961	17655
19961	18894
19961	20562
19961	21012
19961	21281
19961	21508
2952	45
2952	1653
2952	2741
2952	4164
2952	4511
2952	6179
2952	12781
2952	12851
2952	19423
2952	21281
2952	21508
2952	22691
2952	22887
6830	1653
6830	7956
6830	12781
6830	14540
6830	15659
6830	19423
6830	19961
6830	20635
6830	21012
6830	21847
6830	22887
6830	23293
6830	25758
8879	46
8879	2212
8879	7956
8879	11472
8879	12496
8879	15003
8879	20108
8879	22887
8879	23293
8879	25346
11472	45
11472	46
11472	773
11472	1653
11472	3372
11472	4511
11472	7956
11472	11241
11472	12781
11472	12851
11472	17655
11472	18894
11472	19961
11472	23293
12496	46
12496	773
12496	1653
12496	2741
12496	3372
12496	6610
12496	6830
12496	12781
12496	12851
12496	14540
12496	19961
12496	21508
12496	21847
12496	22691
12496	22887
12496	25201
12851	4164
12851	4511
12851	4513
12851	6179
12851	6610
12851	8879
12851	12496
12851	12781
12851	14540
12851	14807
12851	19423
12851	19961
12851	20108
12851	20562
12851	24955
12851	25758
15659	45
15659	570
15659	773
15659	2741
15659	3372
15659	6610
15659	7956
15659	9785
15659	12496
15659	14807
15659	15003
15659	17692
15659	18894
15659	19423
15659	20108
15659	20562
15659	20635
15659	22691
15659	22887
17692	46
17692	1653
17692	2212
17692	2741
17692	2952
17692	4511
17692	6179
17692	6830
17692	7956
17692	11241
17692	12365
17692	14540
17692	15659
17692	18894
17692	19423
17692	19961
17692	21847
17692	22691
17692	25758
20108	1653
20108	2952
20108	4164
20108	4513
20108	6179
20108	7956
20108	9785
20108	12365
20108	12496
20108	12851
20108	17692
20108	20635
20108	22691
20108	24955
20108	25758
20562	46
20562	570
20562	3372
20562	4513
20562	6179
20562	6610
20562	9785
20562	11472
20562	12365
20562	12781
20562	14540
20562	14807
20562	17655
20562	22691
20562	23293
22887	773
22887	2952
22887	7956
22887	11472
22887	12496
22887	12851
22887	14807
22887	15003
22887	17655
22887	21281
22887	21508
22887	25758
16765	2591
16765	10445
16765	11066
2085	3099
21287	7264
21287	8305
7594	20182
24126	22738
24126	22758
24126	25648
6914	18279
18279	6389
18279	6914
4141	22395
17755	13859
7468	10002
10002	7468
18587	19404
18587	23986
1311	1685
3983	1685
16876	11148
16876	12365
23693	1958
23693	16976
23693	20853
16945	14337
18443	2115
2182	10406
3553	2182
19557	25286
7563	18088
24248	7563
24248	18088
17595	8443
22834	21432
1029	5287
1029	17273
4483	6175
6175	4483
13683	21203
13683	26065
21203	26042
26065	3451
26065	13683
26065	21778
21778	21203
21778	26065
17951	833
869	14807
14709	869
14709	3618
14709	14807
14709	22421
17231	853
11557	3204
11557	3654
11557	14667
11557	15477
11557	18145
11557	20046
12701	178
17439	339
17439	4748
17439	4846
17439	5621
17439	7717
17439	9755
17439	19216
17439	20534
17439	20850
17439	24029
17439	25205
17439	25396
17131	17439
8122	13999
3173	14265
4826	4021
4826	26022
26022	4021
26022	4826
6073	12187
14616	17817
14616	22051
19712	21024
21024	17178
21024	19712
3062	16892
853	22493
24398	12675
6774	2741
6774	8517
6774	10383
6774	11785
6774	19423
6774	21012
6774	22457
6774	22937
15850	385
15850	6264
15850	12849
7317	920
7317	9127
930	4493
4422	6264
4422	24332
3063	18210
3063	25917
409	6746
409	19204
22618	25829
25043	22618
25849	25043
8077	13022
10041	2212
4513	45
4513	570
4513	7956
4513	12496
4513	14807
4513	15659
4513	19961
4513	21012
4513	21508
4513	21847
4513	23293
4513	25346
17268	10055
20954	3677
2117	6300
5608	1488
5608	6675
25107	4258
25107	25439
6675	1879
6675	5771
6675	16264
6675	25107
19089	16766
19089	17038
19089	20033
21177	2712
21177	21830
20547	10081
20547	13291
14181	2165
14181	10211
14181	15455
4673	6703
15596	12687
12803	4673
16495	15209
5392	4211
7541	4211
7541	16469
17665	16469
13067	8376
13067	18875
25102	7350
25102	9124
25102	15846
880	12065
10427	1023
10427	20613
10427	20850
10427	20924
17729	25250
24762	4525
25668	4724
16124	20807
20807	16124
16415	14710
16415	15682
14710	17157
7046	7045
7046	14710
7046	16415
7045	19900
7045	20947
17157	7045
17157	7046
17157	15682
17157	16415
20567	2562
20567	11199
20567	18552
20567	21547
24101	3716
24101	6575
24101	14497
15357	12615
15357	17731
18913	13990
18913	15357
18913	16482
16482	15163
16482	18913
16482	23151
20424	482
24023	1653
24023	6056
24023	21379
24023	25777
22321	16727
22321	23383
941	3386
941	16727
13712	25442
16727	941
16727	22321
23151	22265
23383	16727
23383	22321
23383	25442
12296	12286
23423	19890
20421	5346
16553	4793
8869	24852
5078	20182
10346	6291
10346	19143
19383	10346
1985	10597
8452	16872
16872	8452
16872	15311
8179	17113
1059	23529
12709	2115
24470	18443
20644	934
20644	6700
20644	16032
14843	18193
14843	20569
20569	14843
20569	22233
18193	13955
18193	22233
16967	1407
16967	19703
16967	23163
7957	18895
18895	7957
10476	13813
6626	10805
11630	22188
12268	9943
12268	13929
12268	16357
12268	22188
12268	23110
25610	10656
6031	2917
6031	16039
1353	244
4765	14952
4825	122
4825	851
4825	8037
4825	9593
851	4825
851	9593
851	15589
851	25034
122	9593
122	16921
9593	4836
25094	3839
18619	8335
18619	8541
18619	11898
18619	12262
18751	8335
18751	8541
18751	9924
18751	20511
8511	6337
8511	16486
8511	22503
4117	16471
25910	1839
25910	15126
25910	16389
25910	23864
4446	25910
25080	10550
25080	22497
25080	25910
19316	4446
19316	25080
2200	8520
887	6023
887	9634
14541	8074
12458	10338
12458	12460
18209	6642
18209	14003
6642	14003
18899	1186
18899	2386
18899	6904
18899	12016
11583	21998
385	7985
385	14377
12849	6264
12849	15850
2001	7935
11002	21994
6012	9591
3188	20892
23064	5601
23775	11012
11012	23775
23880	9188
23880	13010
23880	24057
25251	21012
20574	1995
20574	2338
20574	5210
20574	7444
20574	12710
20574	12968
20574	14766
20574	15244
20574	15245
20574	17807
20574	19645
20574	23712
20574	24718
15108	1488
15108	4550
15108	6024
15108	9030
15108	17590
15108	18042
15108	22770
15108	25056
17502	15951
25387	22129
19922	5483
19922	8641
8595	4442
8595	14691
15938	25660
12324	7307
12324	13831
21944	7307
21944	9017
21944	13831
23806	13929
9419	25006
2487	3052
3052	2487
25516	4013
25516	14991
21159	13422
11148	3409
11148	19992
10652	8063
2596	25644
25644	23464
13990	16482
19062	10356
4258	1488
4258	5771
4258	6675
4258	16264
4258	18741
4258	25107
106	22
106	2710
106	15793
1896	19101
1896	25220
10880	4372
16598	4372
4195	7007
4195	13862
4195	24402
2797	7011
2797	14952
2797	17113
2797	18159
15971	9913
9763	10597
10552	11275
18195	18215
15197	18195
18658	18667
9432	2770
9432	7095
14128	13096
14128	13740
14128	25006
16946	6056
20155	5216
22502	2352
22502	22336
22502	23708
19945	135
200	7013
200	8151
200	9021
200	9208
492	200
492	9208
492	9722
492	17022
492	19678
19678	9021
19678	9471
6708	492
6708	8151
6708	17022
6708	19586
8151	492
8151	9021
8151	9471
8151	9722
8151	19678
8151	24861
9020	6708
9020	8151
9020	9722
9020	16882
9020	17022
9020	19586
9208	7013
9208	8151
9208	9020
9208	9021
9208	19586
16882	9021
16882	19586
17022	9020
17022	9021
17022	9722
17022	24861
19586	200
19586	7013
19586	8151
19586	9021
19586	24861
24861	7013
24861	9021
24861	9722
24861	16882
24861	17022
24861	19678
9722	200
9722	492
9722	6708
9722	9208
9722	9471
9722	16882
9722	24861
6375	2287
6375	10235
6375	18580
18580	2287
18580	6375
22197	18453
24034	16819
24034	24023
16819	6056
16819	24034
10163	18621
1281	25287
25287	3653
3653	12551
6482	2009
6482	18227
6482	20772
20772	6482
20772	14834
22979	23967
16858	17113
17015	20560
17015	21314
17419	93
17419	4103
25172	113
25172	5078
25172	7045
25172	17419
25172	20122
17564	18408
19605	10039
2661	11132
2661	23382
24845	23382
15931	3466
15931	15959
15931	24444
20008	1854
6442	17681
6442	19102
12453	543
12453	2620
12453	3594
12453	6442
12453	10004
12453	10024
12453	17681
3452	12453
20587	17681
23458	748
5352	5729
17988	22574
23950	22806
23950	22951
17923	18122
17923	18771
2155	4416
2155	13142
2155	20122
22021	8811
6010	17501
2332	18544
21596	2332
18544	2332
16783	15642
16783	17563
17563	15642
22105	25378
20059	1488
5605	1000
5605	6711
5605	7615
5605	12070
5605	25402
6711	3052
6711	22725
22404	9026
10000	25286
19783	14123
18669	19866
19866	18669
25545	18669
11528	19450
11107	6264
11107	14599
11107	23620
23620	6264
23620	11107
113	2155
113	25172
18126	1344
15816	1776
15816	14599
7357	3651
7357	7719
7357	19463
7357	20780
7357	22601
10477	3651
10477	4354
10477	5412
10477	6544
10477	7357
10477	11445
10477	23514
3877	6544
3877	7357
3877	19463
4354	3877
4354	9397
4354	10477
4354	23514
5412	3651
5412	20716
5412	20780
5412	21861
5412	22284
5412	22601
5412	23514
6544	9397
6544	18185
6544	19463
6544	22284
7719	4354
7719	5412
7719	6544
7719	7357
7719	20716
9397	7357
9397	11445
9397	21861
9397	22601
9397	22741
9397	23514
11445	4354
11445	7357
11445	7719
11445	9397
11445	10477
11445	20780
11445	21861
11445	22284
12788	11445
12788	18185
12788	20780
12788	21861
12788	22601
12788	22741
18185	3877
18185	4354
18185	7719
18185	9397
18185	10477
18185	12788
18185	19246
18185	20780
18185	23514
19246	5412
19246	7357
19246	12788
19246	18185
19246	20780
19246	22741
19246	23514
19463	3877
19463	7719
19463	9397
19463	10477
19463	19246
19463	20780
20780	3651
20780	3877
20780	5412
20780	6544
20780	7357
20780	11445
20780	22284
21861	3651
21861	6544
21861	9397
21861	10477
21861	11445
21861	19246
22284	3651
22284	3877
22284	5412
22284	6544
22284	7357
22284	9397
22284	11445
22284	19246
22284	20716
22741	6544
22741	20780
22741	22284
22741	22601
22741	23514
23514	7357
23514	9397
23514	11445
23514	19246
23514	19463
6638	1322
6638	10925
6638	16068
1738	9124
1738	11611
1738	20779
19440	15793
19440	24490
23403	5510
23403	13411
24159	17865
5402	18297
4267	1376
5995	5266
5995	24431
1289	10906
4365	1289
23219	5519
23809	19697
11841	25316
7098	396
16722	11148
16722	18719
1229	11107
1229	17911
1229	20879
1229	26127
9993	4068
9993	16389
18778	1995
18778	2530
18778	6340
18778	9869
18778	10350
18778	12884
18778	17807
18778	19645
18778	19939
18778	20576
12409	3872
18235	5052
7444	88
7444	1488
7444	2535
7444	7197
7444	7635
7444	10350
7444	15010
7444	15244
7444	18225
7444	19939
15585	365
15585	9889
19544	7829
25111	24057
25136	22000
16565	6218
348	15847
22696	16414
205	3716
7446	6095
7446	25435
25236	7446
25236	25435
22439	3345
315	21297
21297	315
21297	11194
16659	8732
16659	14746
22377	8732
5629	10499
5629	25599
17385	1151
17385	2410
17385	4488
17385	6465
17385	6823
17385	22032
17385	25998
12386	593
12386	12627
12386	23896
13333	593
13333	12386
23110	12268
23110	13929
6156	14165
18381	6156
18381	14165
22423	7447
22423	10117
22423	14370
22423	16032
22423	16590
10765	11621
10765	18924
19596	15712
15814	615
15814	4983
15814	5773
15814	9360
15814	24696
8087	1765
8087	15081
10499	5629
18065	16694
25597	2789
25597	7307
1292	14840
14840	6648
9732	19340
9732	21583
11030	6012
11030	23946
23946	17453
25611	17453
3194	12842
15209	16495
11572	16694
11572	18065
2184	15998
2184	24183
6538	5738
6538	18142
628	5825
20536	10791
14652	3501
14652	9968
14652	21592
21592	3501
21592	14652
9968	14652
10936	19509
7355	1341
7355	14357
7355	26127
5259	4273
5259	7355
5259	20373
17293	26006
15668	25614
15668	26006
25614	15668
26006	15668
20543	20537
20543	21339
20647	4023
20647	22394
2465	8254
25978	8312
25978	11621
25978	17538
24133	10178
7645	11502
7645	12158
7645	13352
26044	4896
16225	17149
1006	16210
21187	26092
25379	8208
25379	23382
3989	17471
17471	3989
8589	231
8589	19090
8589	24001
8589	24582
2144	3055
2144	3655
2144	3814
2144	6388
2144	6583
2144	12423
2144	15173
2144	21030
2774	2144
2774	6583
2774	19705
2774	20250
3055	2144
3055	3652
3055	3766
3055	14808
3055	19705
3766	3814
3766	6388
3766	7096
3766	12051
3766	12423
3766	25108
3652	3655
3652	14808
3652	15189
3655	2774
3655	3652
3655	7096
3655	14808
3655	15999
3655	21825
3814	2144
3814	2774
3814	7096
3814	12051
3814	12423
3814	15189
3814	15999
3814	20250
3814	21030
6388	12051
6388	12423
6388	12885
6388	14808
6388	19705
6388	20250
6388	21825
7096	2774
7096	3766
7096	12051
7096	15189
7096	21825
9249	2774
9249	3766
9249	12423
12051	3055
12051	3766
12051	3814
12051	9249
12051	19705
12051	20250
12423	3652
12423	3766
12423	3814
12423	6388
12423	12051
12423	15999
12885	2774
12885	3814
12885	6583
12885	9249
12885	21030
14808	3814
14808	6583
14808	12051
14808	12423
14808	18942
14808	19705
14808	21030
15173	3655
15173	9249
15173	12051
15173	12885
15173	14808
15173	15189
15173	20250
15173	25108
15189	3055
15189	6583
15189	9249
15189	14808
15189	15999
15189	19705
15189	21030
15189	21825
15999	2774
15999	12051
15999	15189
15999	20250
15999	21030
18942	6388
18942	7096
18942	15999
18942	25108
19705	6583
19705	7096
19705	12885
19705	14808
19705	15173
19705	15189
19705	18942
19705	21030
20250	2144
20250	3652
20250	3766
20250	7096
21030	2144
21030	2774
21030	6388
21030	6583
21030	9249
21030	12885
21030	15999
21030	20250
21825	3652
21825	3655
21825	3814
21825	6388
21825	15189
21825	21030
25108	3766
25108	3814
25108	7096
25108	12051
25108	15999
25108	18942
25108	21825
11227	2490
11227	15258
10679	8671
23757	830
16802	830
830	16802
830	23757
2877	21154
6076	12615
6076	17731
7311	6076
7311	15357
12615	15163
12615	15357
15163	7311
15163	16482
17731	12806
17731	15163
17731	15357
5769	12365
5769	26190
2143	23355
12735	14615
12735	17089
3059	10251
11461	1672
11461	18208
11461	22087
22839	11461
12478	3917
12478	5209
12478	18398
12478	19150
6941	4975
6941	18983
6941	19297
15311	16872
1499	10600
16486	6337
7603	1589
18275	5240
20331	18331
8128	25648
2742	2846
19143	19383
20636	18920
2622	23297
13989	214
13989	260
13989	20315
21558	1028
21558	19683
19683	21558
22744	19683
1028	12262
5505	24009
21100	14067
15206	12212
1981	8187
1981	18034
5468	8187
5468	18034
19879	5468
1150	25648
25648	1217
1322	6638
3818	3388
23167	3818
10677	309
17865	24159
24885	16817
24885	23939
8730	24885
914	3442
914	5162
5162	1493
5162	3442
5162	18633
3811	5162
3811	14153
3811	14872
3811	18633
9090	914
9090	1493
9090	3442
9090	5162
9090	17543
13411	6934
13411	11053
13411	12365
13411	18866
13411	23403
19560	23530
6039	20940
25201	9099
25201	12085
25201	12496
25189	7533
25189	15552
16742	12587
3243	2654
3243	7125
3243	21544
8864	16131
8864	16280
8864	17137
16280	25582
17137	16280
10640	15247
10640	24970
13	13
11196	13
13647	10801
6350	15246
6350	16014
6350	20332
19093	11861
19093	20567
6421	7264
6421	8224
6421	13276
3526	25408
16766	7277
16766	17038
7597	5271
10904	5156
12707	10904
25609	17750
1855	2009
2009	5057
2009	8403
22894	2239
23509	22189
1013	19011
21712	17746
2527	6482
15244	88
15244	2530
15244	2535
15244	4355
15244	5712
15244	6340
15244	7444
15244	9313
15244	9656
15244	11416
15244	12507
15244	12710
15244	14165
15244	15933
15244	17807
15244	18778
15244	19645
15244	20574
15244	20576
15244	21178
15244	23723
15244	24718
21547	24718
24718	1267
24718	2338
24718	5210
24718	6512
24718	7444
24718	7635
24718	12507
24718	14766
24718	14834
24718	18225
24718	21547
21588	25486
23805	13929
23805	17984
23805	22366
10158	9572
20803	6356
24939	5346
24939	17944
19170	13
8058	1551
5408	10039
19609	5408
19609	10039
21407	3561
21407	9616
12712	9325
12712	11372
16511	14337
8737	4195
20004	1674
20004	25034
24870	8134
24870	13999
16213	8134
8386	12187
1339	15580
5367	14864
14983	19144
19144	5367
10468	19084
19084	9327
16498	22826
22599	7774
21634	25286
13357	8739
13357	25115
2059	11785
2982	15538
13364	21995
13364	23382
22966	13364
22966	22691
4036	8786
13032	22691
18633	914
18633	2243
21515	21523
4264	17468
17468	3200
17468	4264
21684	22719
21684	22720
21684	24169
3058	12101
11815	3058
19954	12365
19954	18866
2250	339
2250	9755
2250	11015
7717	2654
7717	4743
7717	14767
7717	17439
7717	19216
7717	20511
7717	20534
11015	7717
11015	8768
11015	14767
11015	19216
11015	20511
11015	20534
11015	21379
13714	2250
13714	4748
13714	17439
13714	18971
13714	19216
14767	2654
14767	5621
14767	11015
14767	17439
14767	19216
14767	20511
14767	25205
18971	2250
18971	4743
18971	4748
18971	11015
18971	17439
18971	25205
19216	339
19216	9755
19216	17439
19216	18971
19216	20534
20534	2250
20534	4743
20534	9755
20534	11015
20534	14767
25205	2654
25205	7717
25205	14767
9188	8916
10726	18784
10726	22265
10726	23151
18784	10726
894	14351
5441	5717
5441	14351
5441	21665
14351	894
14351	5441
14351	21162
7511	3718
11593	18415
3910	19179
19179	3910
19179	8916
19179	9188
19179	21491
22395	4141
22726	22691
25595	10513
1104	7811
1104	8335
6896	9736
9736	6009
12503	231
12503	21012
12503	22691
22493	853
22493	15175
93	17419
93	20328
2459	22144
19906	26102
19806	3345
6291	15687
19454	14615
13749	13318
13034	12121
12121	13034
12121	13749
19941	6079
3633	19204
25844	6804
17401	1488
19433	5302
19433	14599
19433	20168
19433	20879
19433	23723
6835	14854
10024	2620
10024	22523
13177	16817
6735	3388
13325	14502
14502	15899
14502	20926
13318	13749
8187	1981
8187	5468
2826	3858
2826	12235
23216	2826
8261	8549
8261	9639
8261	11464
8261	16352
8261	17997
8261	21931
21130	5078
21130	15802
25491	12260
937	4135
25204	23614
17603	20850
17603	21798
6864	21048
9907	16414
9907	21491
9907	23552
9907	25585
20106	21994
11903	11502
24210	11502
24210	11903
10805	25628
3511	14707
18154	10983
24160	24559
24160	25354
21696	25854
2761	2959
2169	5938
5209	7090
5209	8774
5209	12545
5209	24057
12192	7026
1375	9572
141	14102
17286	8408
17286	14102
4302	10711
8475	4302
26181	8475
26181	10711
26181	19022
1611	21638
21638	1217
20883	787
787	12940
16717	5673
16717	6838
16717	12722
16717	19603
4988	12722
4988	17125
2222	10792
2222	20422
21309	20422
2215	15695
2215	21309
15695	2215
8349	1549
8349	22766
1549	22766
22766	1549
23168	22766
5773	615
17543	24589
9606	2247
9606	16353
4298	17274
2385	22574
20783	10956
8067	23382
26196	5812
26196	16976
18234	4483
18234	7072
19434	12927
13371	7383
13371	24559
2981	4427
4427	2981
8064	20599
21584	12032
20033	19089
13490	24412
19528	8449
24412	2997
24412	20089
24412	25440
11037	1427
14547	18487
4289	12606
6380	22144
7546	12425
7546	18366
10501	26065
22722	5901
22722	9066
16747	836
16747	19147
20174	4554
4554	20174
10412	8442
21723	23836
21723	25050
7590	7588
14130	3599
9983	20303
17999	21220
14302	5432
14302	12676
11670	4211
11670	17626
11670	17688
25962	4211
25962	11670
21562	3048
11109	3048
13369	2443
13369	8116
13369	8625
13369	15395
13369	17337
13369	18065
17583	15395
1696	18215
6317	15664
15664	5934
11721	15221
11721	21344
15221	21344
21344	11009
21344	22990
12151	21344
5717	894
5717	5209
5717	7090
5717	11792
17818	5519
5667	3297
5667	14770
23461	3297
17178	2329
23215	17178
19900	8367
3362	16957
22937	13597
22937	21012
22937	22457
23363	2980
23363	12701
23363	18879
23363	21012
13355	8969
13355	13749
13355	25043
8446	25649
13199	2713
13199	4466
13199	12545
2938	18581
15617	21613
2409	4286
2409	18970
24001	8589
11719	25698
17984	1588
17984	12884
17984	17825
19703	16708
19703	17984
12806	14599
8970	15187
2201	14868
16226	14868
5211	11028
5211	22730
21171	5211
21171	22730
22730	21171
14982	13056
3858	19517
3858	23161
23161	2826
23161	3858
23161	19517
7309	18579
1187	6290
4814	6064
4814	9439
4814	12054
4814	21468
4814	23246
21468	4814
8391	6575
8391	24385
17189	930
17189	23720
17189	25931
8184	2443
8184	8116
8184	14369
8184	23051
20533	17228
20533	23513
23513	352
23513	17228
10792	15695
4110	16523
17308	12968
15641	5466
19387	4952
19387	17655
8630	20148
1023	3534
1023	4364
1023	15562
1023	15708
1023	15805
1023	18396
4959	1023
23907	6700
23907	25080
18612	9392
18612	17207
9721	9572
22798	1278
20793	15681
9149	17346
20319	17346
7595	21130
8118	21130
13010	8198
5533	13010
12611	12861
12611	13010
782	15227
15227	11539
15227	16655
15227	18151
715	6506
715	16042
14664	2042
5268	10679
115	10679
20231	7023
20231	13404
6081	19358
6081	19781
10850	6941
20031	12290
22720	22719
15150	12318
9273	10841
17116	1078
17116	23306
5164	1078
5164	17116
19741	18365
19741	23306
20119	195
20119	13801
20119	19168
20119	20100
20119	22366
19168	22366
4484	1667
4484	13989
1667	1488
1667	19562
1667	24477
10352	19387
10910	6056
10500	22466
25159	10500
25159	17546
25159	22466
11662	8705
19014	5960
19014	11662
19014	14094
8787	17021
24575	14842
6431	580
9639	4705
9639	6907
9639	8261
9639	9025
9639	9785
9639	13649
9639	19640
9639	19808
9639	19870
9639	21931
9639	22527
9639	25060
19870	3231
19870	4705
19870	6411
19870	8045
19870	8823
19870	9785
19870	11464
19870	16352
19870	19640
19870	19808
19870	22527
20532	6411
20532	9785
20532	11464
20532	21860
20532	22369
22527	8375
22527	9643
22527	15683
22527	19640
18237	16607
10062	16102
10062	22790
16102	16270
16102	22463
22463	12406
22463	16102
1989	4106
1989	7515
7515	4106
7515	17782
7515	18231
17782	1989
17782	7515
17782	18231
18231	4106
1728	22610
5656	8045
5656	22610
22610	8045
17884	23529
17785	18628
1090	7307
1090	18052
24734	5934
1356	6825
16676	1356
16962	15559
5366	1817
10878	8786
10878	17990
10878	26020
26020	17990
25870	2870
17174	13008
12422	21281
3293	25053
15010	1995
15010	4355
15010	5210
15010	7635
15010	9656
15010	9869
15010	10350
15010	15244
15010	17807
15010	24718
88	2338
88	2530
88	2535
88	4355
88	7635
88	8727
88	9313
88	15244
88	19114
88	19939
88	21178
88	23712
1995	2535
1995	4355
1995	4755
1995	9656
1995	10350
1995	14648
1995	15010
1995	15244
1995	18453
1995	19114
1995	21178
1995	24718
2338	1995
2338	2530
2338	4755
2338	7444
2338	7635
2338	8727
2338	10350
2338	15010
2338	15244
2338	15457
2338	18778
2338	19114
2338	19939
2338	21178
2338	23712
2530	88
2530	1995
2530	2338
2530	2449
2530	7444
2530	10350
2530	14648
2530	15457
2530	16654
2530	17807
2530	18225
2530	19446
2530	21178
2530	24718
2535	88
2535	2338
2535	4355
2535	4755
2535	5210
2535	7197
2535	7444
2535	15244
2535	19114
2535	19446
2535	22504
2535	23712
2535	24718
4755	1995
4755	2535
4755	4355
4755	5210
4755	8727
4755	9313
4755	9656
4755	12507
4755	15010
4755	15244
4755	18225
4755	19446
4755	20574
5210	2338
5210	7197
5210	8727
5210	10350
5210	15010
5210	16654
5210	17807
5210	18225
5210	19645
5210	20574
23712	1995
23712	2535
23712	5210
23712	6340
23712	6512
23712	9656
23712	12710
23712	15457
23712	17807
6340	2530
6340	4755
6340	5210
6340	12710
6340	14766
6340	15010
6340	15245
6340	15457
6340	15933
6340	16654
6340	19114
6340	24718
7197	8727
7197	9656
7197	9869
7197	12507
7197	12710
7197	15010
7197	17807
7197	24718
7635	2338
7635	5210
7635	6512
7635	7197
7635	9313
7635	12507
7635	14766
7635	15245
7635	15457
7635	16654
7635	17807
7635	18453
7635	19114
7635	19939
7635	20576
7635	21178
7635	23712
7635	24718
8727	1995
8727	6340
8727	9869
8727	10350
8727	12507
8727	15244
8727	16654
8727	17807
8727	19645
8727	20574
8727	24718
9656	88
9656	2338
9656	2449
9656	4355
9656	6512
9656	14648
9656	15244
9656	15933
9656	20574
9869	4355
9869	6340
9869	7197
9869	15010
9869	15457
9869	16654
9869	18225
9869	19446
9869	20574
9869	22504
9869	23712
9869	24718
10350	88
10350	1995
10350	5210
10350	7197
10350	7444
10350	7635
10350	8727
10350	9313
10350	10801
10350	12507
10350	15010
10350	23712
12507	2338
12507	2535
12507	4755
12507	6512
12507	7635
12507	9656
12507	9869
12507	14648
12507	19939
12507	23712
12507	24718
12710	88
12710	1995
12710	15244
12710	15457
12710	19446
12710	20576
12710	23712
14766	2530
14766	10350
14766	14648
14766	16654
14766	18225
14766	18453
14766	23712
15245	2338
15245	2530
15245	5210
15245	6340
15245	7635
15245	8727
15245	14766
15457	2530
15457	5210
15457	7444
15457	7635
15457	10350
15457	12710
15457	14766
15457	15245
15457	15933
15457	18225
15457	19645
15457	20574
15457	20576
15457	24718
15933	88
15933	1995
15933	2449
15933	4355
15933	7635
15933	9656
15933	12507
15933	14766
15933	15457
15933	17807
15933	19446
15933	20576
15933	22504
15933	23712
16654	2449
16654	2535
16654	4755
16654	6512
16654	7197
16654	7444
16654	9869
16654	10350
16654	14648
16654	15010
16654	15457
16654	17807
16654	19939
16654	20574
16654	22504
16654	23712
16654	24718
17807	88
17807	1995
17807	2449
17807	4355
17807	5210
17807	6512
17807	15244
17807	18778
17807	19645
17807	21178
18225	2530
18225	9869
18225	15010
18225	16654
18225	17807
18225	19114
18225	21178
19446	2338
19446	4755
19446	5210
19446	7197
19446	8727
19446	9656
19446	15245
19446	23712
19645	2530
19645	4355
19645	8727
19645	9313
19645	10350
19645	12710
19645	14648
19645	14766
19645	15457
19645	18225
19645	18453
19645	20576
19645	21178
19645	23712
19645	24718
19939	88
19939	2530
19939	5210
19939	6512
19939	12507
19939	15933
19939	18778
19939	19114
19939	20574
20576	7635
20576	9869
20576	10350
20576	14648
20576	15010
20576	18453
20576	19446
20576	22504
22504	2338
22504	2530
22504	5210
22504	6340
22504	15010
22504	16654
22504	19939
22504	20574
11971	25211
15523	20307
19109	7712
19109	23246
23246	4814
23246	6064
23246	10762
23246	19109
5202	5087
3231	4773
3231	8823
3231	20532
3231	22369
17997	4773
17997	6411
17997	8823
17997	11464
17997	20662
17997	22369
22369	3231
22369	6411
10522	10561
25631	3377
1660	23068
1660	25631
1660	25678
23068	3377
3377	1660
3377	23068
8526	6737
8526	20765
23476	6737
24060	16010
16010	16210
16010	24060
17290	21466
1265	1839
1265	3502
1265	15126
1265	21281
3825	15528
3825	20893
1966	7911
1966	15717
8048	7911
15717	1966
25940	19423
6908	1981
25444	1981
25444	6908
4263	18282
6859	18282
18282	4263
18282	6859
18282	9037
11967	4878
11967	12491
14620	11967
12865	15066
822	9518
9518	16358
5227	4241
5227	7125
5227	9647
10807	21466
5065	15562
5065	15714
5065	15805
5065	17584
18396	1023
18396	1563
18396	4364
18396	4639
18396	6387
18396	15708
18396	17584
18396	23241
19475	14924
18238	26180
4777	26180
19442	1606
19442	6264
19442	16498
19442	22826
24169	22719
2243	914
2243	1493
2243	5162
2243	9090
2243	18633
360	2304
2304	360
2304	7602
6064	9439
6064	21468
6064	23246
15568	1959
22734	5441
2356	4525
1493	5162
1493	9027
1493	14872
2452	9027
2452	14153
9027	3811
14153	1493
6867	18396
4269	26159
26159	7245
11944	16429
11944	23503
20253	10918
19248	4640
19248	7882
4640	7882
4640	19248
5446	20433
20433	5446
22199	14149
26013	1685
26013	18030
26013	24203
18879	12701
5483	19922
3752	24174
20305	11811
20305	15300
21814	22269
22269	676
22269	17655
26193	6482
26193	14834
10549	4846
10549	22457
15935	18558
12308	18276
1594	15108
15899	13325
11468	17804
17804	11470
10818	25596
11016	10818
6513	25138
2255	7324
2255	24219
5668	1981
5668	18034
12645	6813
16803	6813
8807	882
8553	17626
3750	14149
3750	23530
9579	19451
12863	18390
18390	12863
4103	17419
12312	4103
12312	13346
12312	17419
1836	8400
21199	22299
5578	231
5578	17655
5578	22457
5578	22937
1280	1958
23424	22319
8153	23424
15182	8153
15182	23424
16728	8153
22319	8153
9491	11379
9491	17124
9491	17764
7479	7265
7479	10056
13390	7479
19710	1877
19710	2042
8976	14351
25176	8976
364	10391
364	21650
16935	2316
4878	11967
4878	12491
25482	10382
11611	1738
20779	1738
20779	11611
4266	2223
4266	20216
8881	6170
4760	25931
5497	10983
3418	4798
3418	7307
14131	372
16886	142
16886	12113
8735	25062
11923	9241
17343	24877
16708	19703
21154	2877
17825	22147
22147	12545
22147	17825
22147	23805
11470	20432
8786	4036
8786	5481
14078	1793
25980	9572
8340	2169
8340	4353
3754	16496
16496	8185
17821	10791
5251	18613
18256	4771
18256	12612
18337	12612
18337	18613
18613	4771
18613	5251
25585	9907
25585	10096
16348	3849
18788	7307
12612	18256
12612	22233
19208	12612
19208	18256
20560	309
3595	11241
3595	23293
15192	4416
15192	21798
23721	14265
21653	3323
5575	24781
3873	21075
21156	3873
358	65
65	357
65	11609
6810	11964
2620	3501
2620	7442
18227	6482
18227	7442
18227	17874
19809	9306
19809	12606
12160	9306
12160	12606
12160	19809
4355	6512
4355	9313
4355	10350
4355	12507
4355	15244
4355	15933
4355	17807
4355	18453
9313	1995
9313	2530
9313	2535
9313	7197
9313	10350
9313	14766
9313	18453
9313	19939
9313	20576
14648	88
14648	2338
14648	2535
14648	12507
14648	20576
19114	2338
19114	2530
19114	6512
19114	7197
19114	9656
19114	12507
19114	15933
19114	17807
19114	18778
21178	88
21178	2449
21178	7197
21178	15010
21178	15933
21178	18225
21178	19114
21178	19645
19221	17470
15399	18772
19090	14924
4552	491
15422	7877
2959	5712
2959	14661
8071	21024
22487	25891
25891	13664
10391	364
3852	7877
260	2710
260	5794
260	13989
25358	23344
6434	543
6434	21162
21162	21089
5697	14358
839	3743
5848	3743
5848	23614
2803	7533
4183	17501
6907	8375
6907	9639
6907	21824
6907	25060
6907	25359
9025	8375
9025	19545
9025	22527
9025	25060
9025	25289
9025	25359
15683	5067
15683	20664
21824	6907
21824	25289
13649	3719
13649	6907
13649	8072
13649	9639
13649	19923
13649	25289
25289	3719
25289	6907
25289	8375
25289	21824
20664	13649
20664	21824
19923	9025
19923	13649
19923	15683
19923	21824
5067	6907
5067	8375
5067	9025
5067	9639
5067	15683
5067	21824
5067	25060
8504	15372
4425	21125
9248	3136
13682	26059
16749	26059
14317	19140
17827	9184
17173	1908
15252	7154
12149	23038
16433	369
16433	2073
369	6183
369	7727
369	16433
16570	2073
16570	6183
16570	16433
21772	14067
14991	934
1662	2613
1662	15413
15413	2613
15413	3516
9224	10154
9224	11410
9224	16830
16830	9224
19447	11141
5445	18314
18454	16622
13031	8738
13620	13031
21550	24220
21550	25554
24220	11861
25554	21550
25554	24220
25554	25553
25553	11861
16312	16314
17878	4275
23095	21281
15184	624
15184	8721
15184	10532
15184	24293
8922	4164
13837	9785
13837	16674
17250	9785
17250	16674
1563	1023
1563	3534
1563	6387
1563	15562
1563	15714
1563	15805
1563	19677
2457	3534
2457	4639
2457	5065
2457	15562
2457	15805
2457	17580
2457	19677
2457	23241
2457	24616
2457	24819
3534	15145
3534	15708
3534	15714
3534	17580
3534	17584
3534	23241
4639	6271
4639	17580
6387	3534
6387	4639
6387	17584
6387	18396
6387	24819
14379	1023
14379	15708
14379	15714
14379	18396
15562	3534
15562	4364
15562	5065
15562	14379
15562	15145
15562	15714
15562	24616
15562	24819
15708	4364
15708	6271
15708	6387
15708	14379
15708	19677
15708	24617
15714	1023
15714	3534
15714	4364
15714	5065
15714	6271
15714	17580
15714	23241
15714	24819
15805	15562
15805	15714
15805	18396
15805	24617
15805	24819
17580	4364
17580	4639
17580	5065
17580	15145
17580	15708
17580	15714
17580	18952
18952	1023
18952	1563
18952	5065
18952	15805
18952	23241
18952	24617
18952	24819
19677	4639
19677	14379
19677	17580
19677	18396
24617	15562
24617	15714
24617	15805
24617	19677
24819	1563
24819	5065
24819	6271
24819	15145
24819	15562
24819	15708
24819	15805
24819	18396
24819	18952
24819	23241
17086	9907
17086	20515
17086	21491
17086	23552
20515	17086
23915	23146
23915	25575
23488	12266
23488	15678
23488	17134
23488	22815
23488	23114
23114	193
23114	23915
23114	26065
15678	23915
17134	22815
12266	21436
12266	25575
22815	25710
25575	23114
25575	23146
25575	23488
25575	23915
21436	22815
3878	10062
3878	16584
16584	3878
5172	3677
5172	5435
5172	18091
23559	18757
11416	5807
11416	8222
11416	15244
11416	25469
18870	19675
14319	1090
26100	20934
20934	2710
4353	3113
4353	6558
10907	3909
11991	3186
17537	14182
4958	10884
4958	16353
10884	4958
10884	9606
7094	21293
7772	21695
2073	16433
11402	12980
11402	14969
11402	23382
14969	8067
14969	11132
14969	11402
1862	12842
2503	10898
9631	10898
19927	25896
9209	2806
2806	9209
19023	16511
22980	12307
4255	18337
16265	19791
23530	19560
1025	18215
19562	1058
19562	14661
19562	15244
19562	24477
24477	23723
13322	20511
24456	5181
18091	5172
4642	18109
12054	8161
15329	1620
15329	24057
23760	19145
17252	5738
18791	23665
11464	4773
11464	16352
11464	17997
11464	20532
11464	22837
20662	8261
20662	8823
20943	1983
4632	2741
4632	12365
4632	12781
4632	25346
20774	4632
20774	11053
20774	12365
20774	13411
20774	15003
20774	18866
20774	21508
20774	23403
142	16886
142	18626
17089	19454
17089	22177
15145	4364
15145	14379
15145	17580
17584	3534
17584	15145
17584	15562
23241	1563
23241	2457
23241	6271
23241	6387
23241	14379
23241	15145
23241	17580
24616	1023
24616	1563
24616	2457
24616	5065
24616	15562
24616	18396
24616	19677
3819	5287
17882	8263
18771	17923
18771	25875
3843	2410
3843	17385
3843	19687
3843	22032
3843	24706
4488	13404
4488	18299
9018	3843
9018	18299
18299	9018
18299	14374
3917	12478
3917	24833
18398	3917
18398	24833
1267	1124
1267	24718
4259	13486
4259	18688
18688	4259
18688	13486
15160	543
19325	543
4630	9921
5840	6732
17191	15235
4286	3522
4288	2409
4288	4286
3654	11557
25615	21608
19940	20373
17337	25286
17918	3754
17918	23066
9715	9717
26042	21203
5404	1798
5404	4828
20217	2287
20217	25436
25436	2287
1839	16389
1839	25910
23864	1265
23864	3502
23864	25910
3502	16881
15126	1265
15126	3502
15126	16389
17828	3502
17828	21281
17828	25910
4774	6838
5673	19603
19603	16717
13615	2949
17125	12722
14338	22729
22729	14338
2805	25006
4265	5271
5267	24841
17192	2505
2505	17192
16070	12927
22903	6301
22903	15414
22903	23674
25998	18743
25998	24294
14154	3228
17592	12687
6703	18920
3283	1293
3283	5131
3283	6525
3283	7650
3283	14373
3283	17823
3283	18444
3283	22901
3283	24615
6222	3812
6222	6456
6222	6525
6222	9433
6222	13526
6222	14157
6222	17823
6222	17824
6222	18000
6222	22901
6222	24479
6222	24615
13526	3283
13526	3812
13526	4834
13526	5131
13526	6525
13526	7650
13526	8448
13526	12802
13526	13482
13526	14157
13526	17819
13526	22324
15148	1293
15148	2621
15148	2623
15148	3820
15148	4834
15148	6222
15148	9433
15148	12802
15148	17600
15148	22901
15148	24615
22324	4834
22324	6868
22324	8448
22324	13482
22324	14157
22324	14373
22324	15148
22324	17819
22324	17823
22324	18000
22324	24615
24474	6222
24474	6456
24474	6868
24474	14157
24474	15148
24474	17600
24474	22901
24474	26039
20479	20435
5432	14302
9194	1488
9194	8352
7015	4241
7015	7125
7015	9647
2303	18122
21583	6774
21583	9732
16115	6774
24589	5385
24589	9090
24589	16568
25977	8625
18634	3516
12618	18634
23454	491
22394	4023
14621	19608
199	13702
3449	21048
9921	4630
16106	11712
16106	17670
17670	11712
17670	19724
8222	5807
12512	9921
12512	10672
17275	23214
7543	19466
24128	19466
14357	20373
3524	17581
193	10819
193	22917
18723	12678
20519	14972
6541	2072
6541	8216
13684	18283
7578	10406
7578	13801
7578	22144
1841	12503
16611	22937
15898	19927
6529	6337
6529	6543
6529	8511
6529	20030
4213	20645
18094	8870
9414	3964
12640	3964
1560	1289
26141	25346
1782	10726
5360	7829
16264	18741
5771	18741
5771	25439
18741	1488
18741	5771
18741	25107
25439	4258
25439	6675
320	6024
320	17464
9392	10871
9392	18612
10550	6700
10550	23907
10550	25080
4428	5934
4428	16469
26132	19936
9151	11047
3679	7442
23674	6823
23674	22032
22032	6823
22032	17385
22032	24706
22032	25998
24294	2410
24294	17385
24294	24706
1151	6301
1151	17385
1151	24706
1151	25998
15414	6823
15414	25998
18743	1151
18743	6301
18743	23674
18743	24706
24706	6301
24706	17385
24706	25998
2410	1151
2410	18743
2410	22032
6301	23674
5579	6700
3532	12842
18605	7188
13864	8768
2335	13008
16108	2335
16108	13008
18052	7307
8888	8365
8888	14746
16957	3362
3853	14265
20956	17330
10825	21543
18447	25354
24129	12842
4433	4952
8398	9867
21799	11557
13036	23224
4196	15401
4967	22109
22109	18208
1051	4245
4245	25664
5478	6538
5478	8349
4975	24140
16823	13802
16823	19553
7024	17393
24203	18030
19607	18720
16235	23810
16235	25582
21546	25537
13167	800
18417	19892
22746	16177
20000	9017
4643	20320
25975	14990
24506	22242
6707	6530
6707	13520
8372	13628
13628	20332
23710	8372
3450	2607
836	13955
18042	320
18042	17590
11792	7090
16831	5717
16831	11792
5218	14265
20513	5655
20513	13352
2341	5712
1672	18676
8079	16755
16755	18676
16651	10338
24708	19443
14157	4834
14157	5131
14157	6222
14157	8448
14157	15148
14157	19443
14157	23492
14157	24708
23492	14157
12552	1024
12552	1817
1024	1817
81	20000
8725	11054
14763	4432
2559	24097
19019	24696
9426	24924
22225	7985
11053	13411
11053	18866
11053	20774
11053	21508
20766	11718
11718	20766
24593	2303
24593	18122
13319	6774
13319	16115
10383	16115
10383	17655
20346	6512
5400	12842
19111	16469
3826	16469
3826	19111
269	1217
19613	482
19613	13664
19613	16940
2075	10439
4182	2075
4182	21075
23863	20062
5481	14078
4379	2072
12678	18723
5465	20663
18141	5465
18141	12472
8448	3283
8448	6222
8448	6456
8448	7525
8448	13526
8448	14157
8448	17824
8448	22901
8448	24615
9189	9774
9189	12034
9189	17935
2116	9774
9765	2116
9765	9189
17935	9189
17935	9765
9774	2116
9774	17935
23723	1058
23723	5712
23723	14661
23723	19562
20062	179
20062	19675
5182	13311
18125	19675
1860	4135
17016	9471
16719	9471
16719	17016
15195	6638
15195	17467
10623	5441
21665	10762
19810	22493
2713	19568
2713	25034
1157	16334
6632	12187
12248	98
98	12248
16352	6411
16352	8261
16352	8549
16352	9639
16352	20532
8549	4773
8549	6411
8549	19808
6411	4705
6411	8261
14377	385
5571	16823
13802	16823
179	23614
2851	25469
23944	12927
14667	20046
23135	16899
10519	6375
9433	1293
9433	2621
9433	3812
9433	17824
9433	22901
9433	24474
17824	2621
17824	3283
17824	3824
17824	5131
17824	6222
17824	6525
17824	7650
17824	15148
17824	17819
17824	24474
17824	26039
1293	3283
1293	3820
1293	3824
1293	12802
1293	15148
1293	17600
1293	17824
1293	18444
2621	3283
2621	3824
2621	7650
2621	13526
2621	17824
2621	18000
2623	2621
2623	3283
2623	3824
2623	4834
2623	5131
2623	6525
2623	15148
2623	18000
2623	24474
2623	24615
2623	26039
3812	3283
3812	3820
3812	6222
3812	6456
3812	6525
3812	6868
3812	7650
3812	9433
3812	12802
3812	13482
3812	18444
3812	22324
3812	24474
3820	5131
3820	7525
3820	13526
3820	14157
3820	14373
3820	15148
3820	17824
3820	22901
3824	2623
3824	3820
3824	6868
3824	8448
3824	12802
3824	14157
3824	17823
3824	22901
3824	24479
5131	9433
5131	24615
24615	3812
24615	3824
24615	4834
24615	5131
24615	6525
24615	14157
24615	17819
24615	24474
24615	26039
6525	1293
6525	2621
6525	3820
6525	12802
6525	13482
6525	22324
6525	22901
6525	24474
6525	26039
6868	7650
6868	13482
6868	14157
6868	14373
6868	17600
6868	17823
6868	22324
7525	12802
7525	13526
7525	14157
7525	14373
7525	15148
7525	17600
7525	17823
7525	17824
7525	18000
7525	18444
7525	24479
6456	2621
6456	2623
6456	3283
6456	4834
6456	5131
6456	13482
6456	13526
6456	17823
6456	18444
6456	22324
18000	2621
18000	6222
18000	7650
18000	17823
18000	24479
18000	26039
12802	1293
12802	2623
12802	3824
12802	5131
12802	6525
12802	13482
12802	14157
12802	17824
12802	18000
12802	24479
13482	2621
13482	2623
13482	5131
13482	6456
13482	12802
13482	14373
13482	22901
13482	24474
13482	24615
14373	2623
14373	3283
14373	4834
17600	3812
17600	246
17819	4834
17819	8448
17819	13526
17819	18000
17819	22901
17823	5131
17823	6222
17823	8448
17823	9433
17823	14157
17823	18000
17823	22324
17823	22901
18444	3812
18444	3820
18444	6868
18444	13526
18444	15148
18444	17823
18444	17824
18444	22324
22901	6525
22901	6868
22901	12802
22901	13526
22901	18444
22901	22324
24479	6222
24479	6525
24479	6868
26039	2623
26039	8448
26039	15148
26039	17600
26039	17824
26039	18000
26039	22901
26039	24479
15384	17612
2614	3310
866	20173
6920	128
5827	3651
7601	5218
8442	238
4781	19697
21713	14770
25470	14770
21811	715
2123	19011
8702	2797
8513	26038
22375	24097
7093	22375
20383	7625
20383	8134
20383	16213
20383	24870
573	19657
13283	20924
12262	18619
12262	18751
22507	24696
15941	4353
15941	6558
2566	6078
24454	13469
20853	16976
19581	12545
74	2298
8717	10638
10638	8717
15571	18579
7585	15386
3442	1493
3442	3811
24888	12213
8669	9038
8669	12213
8669	13558
8669	24888
9103	24877
7038	23114
7038	26065
1982	23614
21831	214
21831	3113
17590	15108
13026	2710
13026	26023
26023	2710
26023	13026
1897	18042
8472	1969
8472	24141
24141	8472
4750	19147
2563	26088
16971	5228
16971	20170
5228	16971
5228	20170
20170	16971
22816	18608
13604	8815
11910	12141
7280	20309
20309	7280
7267	20309
8891	25667
25667	8891
22189	13929
4431	18208
10881	3651
23859	11426
22976	17750
15175	5901
15127	18524
18524	10055
2334	17587
10180	17587
17472	21930
21930	4782
21930	19992
21930	24835
22372	19954
11215	23156
23156	11215
4773	8823
4773	17997
4773	20532
21931	4705
21931	4773
21931	19808
21931	19870
19808	3231
19808	4705
19808	4773
19808	8549
4705	4773
4705	8261
4705	19870
21090	12678
21090	18723
19502	7718
11539	15227
16655	11539
3178	4458
4989	3178
4989	19675
4989	23614
7265	2754
7265	5511
2754	7265
2754	7479
22621	23110
27	11114
11114	27
11114	25540
21205	543
21205	6434
21289	7154
13680	14864
3748	17503
15259	25136
11467	19575
19575	11467
4038	7058
15626	8678
12338	15800
15800	12338
26178	14372
14372	6944
3731	624
3731	15184
3731	23649
3731	25201
5407	624
5407	9099
5407	15184
5407	23649
5407	25201
9099	624
9099	3731
9099	23577
9099	25201
23577	9099
23577	25201
23649	3731
3719	5067
3719	6907
3719	13649
3719	25060
8072	5067
8072	6907
8072	9639
8375	3719
8375	9025
8375	13649
8375	25060
19545	8072
19545	9025
19545	9639
19545	13649
25060	9025
25060	13649
25060	25289
9130	25095
25095	9130
17859	23134
2749	1010
4189	5829
8049	15538
8049	22691
20949	6176
20949	20940
15161	20940
11642	25230
7991	3066
7991	11609
7991	22457
3066	1782
3066	7991
3066	11609
11609	3066
11609	7991
11609	23300
9980	1265
9980	21281
5256	22827
5257	5256
5257	22827
22827	5256
15301	10601
10601	2710
16015	22938
3204	3922
3204	20046
3204	25937
20528	19350
18758	13276
18758	21497
24	19517
9389	3651
9389	24924
7769	17118
12861	3876
3876	5695
3876	12611
3876	12861
14497	6575
14497	24101
15972	16994
22435	5406
15669	8768
15669	22975
15669	23552
6176	20949
26059	16749
11120	16340
20538	17884
20538	23529
16340	11120
2329	24846
12460	10338
12460	19378
3594	3501
11713	12720
3388	3818
3388	6735
3388	23167
21544	3243
9211	13413
3850	12040
2249	5957
2249	19955
6077	2249
6077	21832
8672	2249
8672	12118
8672	19955
19955	2249
19955	8672
21832	2249
21832	12118
6702	13008
8255	24575
4106	7515
3197	16994
3197	22790
9026	22404
6316	13635
25496	19314
19314	25543
19314	26019
25543	26048
26048	19880
26019	25496
19880	19314
19880	25496
19880	25543
19880	26019
8366	5486
14844	10338
20332	6350
20332	8372
15246	13628
7883	21205
5261	6282
1959	9723
1959	15568
9723	1959
16958	7712
9459	7247
9459	11829
7247	11829
11829	5529
11829	9459
16889	16056
2202	12212
2202	24271
17251	1149
19687	3843
14374	3843
14374	4488
24944	1653
1404	281
1404	11199
25511	8512
8512	9715
8512	25492
23623	4379
23623	8471
19150	1014
19150	25902
1014	5209
1014	12478
6558	3113
11822	14051
17163	3953
17163	15568
22954	3953
12043	4896
2309	6532
2309	9763
25937	11557
12122	9606
11491	10762
18489	11223
5056	1834
3965	2846
3965	5622
14559	21125
16129	74
15248	8443
357	65
357	11609
357	23300
23300	24960
24960	65
9038	8669
9038	12213
22318	13558
22318	21710
12213	8669
12213	13558
12213	21710
21710	12213
21710	22318
21710	24888
12050	5364
5364	12050
23146	22815
23146	23488
23146	23915
352	21943
1408	9184
1408	18736
183	5194
2823	9127
2823	22177
9127	5564
1552	2054
2475	12135
2475	21928
2475	24765
21928	2475
16743	22798
23266	11442
4635	18940
2810	11557
22577	24412
25440	22577
5232	14845
2785	17280
2785	19956
10117	3387
10117	4703
10117	21848
10117	22423
9764	832
9764	3387
9764	4703
9764	10117
9764	14370
9764	15006
4703	7447
4703	16231
4703	16590
4703	22320
3387	16231
3387	16590
3387	19957
3387	22320
832	4703
832	7447
832	10117
832	14370
832	16730
832	19957
7447	14340
7447	16231
7447	16590
7447	19957
14340	7447
14340	14370
14340	22320
14370	832
14370	4703
14370	14340
14370	16730
15006	10117
15006	14370
15006	16231
15006	21848
15006	22423
16231	14340
16231	16730
16231	19957
16231	22320
16590	3387
16590	15006
16590	16231
16590	16730
16730	832
16730	7447
16730	9764
16730	10117
16730	14340
16730	15006
16730	16231
19957	3387
19957	9764
19957	10117
19957	14340
19957	14370
19957	16231
19957	22320
21848	3387
21848	9764
21848	15006
21848	16231
21848	16590
21848	16730
22320	7447
5774	10432
4836	9593
17464	15108
11113	23836
