0 1
0 2
0 3
0 4
0 5
0 6
0 7
0 8
0 10
0 11
0 12
0 13
0 14
0 15
0 16
0 17
0 18
0 19
0 20
0 21
0 23
0 24
0 25
0 26
0 27
0 28
0 29
0 30
0 31
0 32
0 33
0 34
0 35
0 36
0 37
0 38
0 39
0 40
0 41
0 42
0 43
0 44
0 45
0 46
0 47
0 48
0 49
0 50
0 51
0 52
0 53
0 54
0 55
0 56
0 57
0 58
0 59
0 60
0 62
0 63
0 65
0 66
0 67
0 68
0 69
0 70
0 71
0 72
0 73
0 74
0 75
0 76
0 77
0 78
0 79
0 80
0 81
0 82
0 83
0 84
0 85
0 86
0 87
0 88
0 89
0 90
0 91
0 92
0 93
0 94
0 95
0 96
0 97
0 98
0 99
1 2
1 3
1 4
1 5
1 6
1 7
1 8
1 9
1 10
1 11
1 12
1 13
1 14
1 15
1 16
1 17
1 18
1 19
1 20
1 21
1 22
1 23
1 24
1 25
1 26
1 27
1 28
1 29
1 30
1 31
1 32
1 33
1 34
1 35
1 36
1 37
1 38
1 39
1 40
1 42
1 43
1 44
1 45
1 46
1 47
1 48
1 49
1 50
1 51
1 52
1 53
1 54
1 55
1 56
1 57
1 58
1 59
1 60
1 61
1 62
1 63
1 64
1 65
1 66
1 67
1 68
1 69
1 70
1 72
1 73
1 74
1 75
1 76
1 77
1 78
1 79
1 80
1 81
1 82
1 83
1 84
1 85
1 86
1 88
1 89
1 90
1 91
1 92
1 93
1 94
1 95
1 96
1 97
1 99
2 3
2 4
2 5
2 6
2 7
2 8
2 9
2 10
2 11
2 12
2 13
2 14
2 15
2 16
2 17
2 18
2 19
2 20
2 21
2 22
2 23
2 24
2 25
2 26
2 27
2 28
2 29
2 30
2 32
2 33
2 34
2 35
2 36
2 37
2 38
2 39
2 40
2 41
2 42
2 43
2 44
2 45
2 46
2 47
2 48
2 49
2 50
2 51
2 52
2 53
2 54
2 55
2 56
2 57
2 58
2 59
2 60
2 61
2 62
2 63
2 64
2 65
2 66
2 67
2 68
2 69
2 70
2 71
2 73
2 74
2 75
2 76
2 77
2 78
2 79
2 80
2 82
2 83
2 84
2 85
2 86
2 87
2 88
2 89
2 90
2 91
2 92
2 93
2 94
2 96
2 97
2 98
2 99
3 4
3 5
3 6
3 7
3 8
3 9
3 10
3 11
3 12
3 13
3 14
3 15
3 16
3 17
3 18
3 19
3 20
3 21
3 22
3 23
3 24
3 25
3 26
3 27
3 28
3 29
3 30
3 31
3 33
3 34
3 35
3 36
3 38
3 39
3 40
3 41
3 42
3 43
3 44
3 45
3 46
3 47
3 48
3 49
3 50
3 51
3 52
3 53
3 54
3 55
3 56
3 57
3 58
3 59
3 60
3 61
3 62
3 64
3 65
3 66
3 67
3 68
3 69
3 70
3 71
3 72
3 73
3 74
3 75
3 76
3 77
3 78
3 79
3 80
3 81
3 82
3 84
3 85
3 86
3 87
3 88
3 89
3 90
3 91
3 92
3 93
3 94
3 95
3 96
3 97
3 98
3 99
4 5
4 6
4 7
4 8
4 9
4 10
4 11
4 12
4 13
4 15
4 16
4 17
4 18
4 19
4 20
4 21
4 22
4 23
4 24
4 25
4 26
4 27
4 28
4 29
4 30
4 32
4 33
4 34
4 35
4 36
4 37
4 38
4 39
4 40
4 41
4 42
4 43
4 44
4 45
4 46
4 47
4 48
4 49
4 50
4 51
4 52
4 53
4 54
4 55
4 56
4 57
4 58
4 59
4 60
4 61
4 62
4 63
4 64
4 65
4 66
4 67
4 68
4 69
4 70
4 72
4 73
4 74
4 75
4 76
4 77
4 78
4 79
4 80
4 81
4 82
4 83
4 84
4 85
4 86
4 87
4 88
4 89
4 90
4 91
4 92
4 93
4 94
4 95
4 96
4 97
4 98
4 99
5 6
5 7
5 8
5 9
5 10
5 11
5 12
5 13
5 14
5 15
5 16
5 18
5 19
5 20
5 21
5 22
5 23
5 24
5 25
5 26
5 27
5 28
5 29
5 30
5 31
5 32
5 33
5 34
5 35
5 36
5 37
5 38
5 39
5 40
5 41
5 42
5 43
5 44
5 45
5 46
5 47
5 48
5 49
5 50
5 52
5 53
5 54
5 55
5 56
5 57
5 58
5 59
5 60
5 61
5 62
5 63
5 64
5 65
5 66
5 67
5 68
5 69
5 70
5 72
5 73
5 74
5 75
5 76
5 77
5 78
5 79
5 80
5 81
5 82
5 83
5 84
5 86
5 87
5 88
5 89
5 90
5 91
5 92
5 93
5 94
5 95
5 96
5 97
5 98
5 99
6 7
6 8
6 9
6 10
6 11
6 12
6 13
6 14
6 15
6 16
6 17
6 18
6 19
6 20
6 21
6 22
6 23
6 24
6 25
6 26
6 28
6 29
6 30
6 31
6 32
6 34
6 35
6 37
6 38
6 39
6 40
6 41
6 42
6 43
6 44
6 45
6 46
6 47
6 48
6 49
6 50
6 51
6 52
6 53
6 54
6 55
6 56
6 58
6 59
6 60
6 61
6 62
6 63
6 64
6 65
6 67
6 68
6 69
6 70
6 71
6 72
6 73
6 74
6 75
6 76
6 77
6 78
6 79
6 80
6 81
6 82
6 83
6 84
6 85
6 86
6 87
6 88
6 89
6 90
6 91
6 92
6 93
6 94
6 95
6 96
6 97
6 99
7 9
7 10
7 11
7 12
7 14
7 15
7 16
7 17
7 18
7 19
7 20
7 21
7 22
7 23
7 24
7 25
7 26
7 27
7 28
7 29
7 30
7 32
7 33
7 34
7 35
7 36
7 37
7 38
7 39
7 40
7 41
7 42
7 43
7 44
7 45
7 46
7 47
7 48
7 49
7 50
7 51
7 52
7 53
7 54
7 55
7 56
7 57
7 58
7 59
7 60
7 61
7 62
7 63
7 64
7 65
7 66
7 67
7 68
7 69
7 70
7 71
7 72
7 73
7 75
7 76
7 77
7 78
7 80
7 82
7 83
7 84
7 85
7 86
7 87
7 88
7 89
7 90
7 91
7 92
7 93
7 94
7 97
7 98
7 99
8 9
8 10
8 11
8 12
8 13
8 14
8 16
8 17
8 18
8 19
8 20
8 21
8 22
8 23
8 25
8 26
8 27
8 28
8 29
8 30
8 31
8 32
8 33
8 34
8 35
8 36
8 37
8 38
8 39
8 40
8 41
8 42
8 43
8 44
8 45
8 46
8 47
8 48
8 49
8 50
8 51
8 52
8 53
8 54
8 55
8 56
8 57
8 58
8 59
8 60
8 61
8 62
8 63
8 64
8 65
8 66
8 67
8 68
8 69
8 71
8 72
8 73
8 74
8 75
8 76
8 77
8 78
8 79
8 80
8 81
8 82
8 83
8 84
8 85
8 86
8 88
8 89
8 90
8 91
8 92
8 93
8 94
8 95
8 96
8 97
8 98
8 99
9 10
9 11
9 12
9 13
9 14
9 15
9 16
9 17
9 18
9 19
9 20
9 21
9 22
9 23
9 24
9 25
9 26
9 28
9 29
9 30
9 31
9 32
9 33
9 34
9 35
9 36
9 37
9 38
9 39
9 40
9 41
9 43
9 44
9 45
9 46
9 47
9 48
9 49
9 50
9 51
9 52
9 53
9 54
9 55
9 56
9 57
9 58
9 59
9 60
9 61
9 62
9 63
9 64
9 65
9 66
9 67
9 68
9 69
9 70
9 71
9 72
9 73
9 74
9 75
9 76
9 77
9 78
9 79
9 80
9 81
9 82
9 83
9 85
9 86
9 87
9 88
9 89
9 90
9 91
9 92
9 93
9 94
9 95
9 96
9 97
9 99
10 11
10 12
10 13
10 14
10 15
10 16
10 17
10 18
10 19
10 20
10 21
10 22
10 23
10 24
10 25
10 26
10 27
10 28
10 29
10 30
10 31
10 32
10 33
10 34
10 35
10 36
10 37
10 38
10 39
10 40
10 41
10 42
10 43
10 45
10 46
10 47
10 48
10 49
10 50
10 51
10 52
10 53
10 54
10 55
10 56
10 57
10 58
10 59
10 60
10 61
10 62
10 63
10 64
10 65
10 66
10 67
10 68
10 69
10 70
10 71
10 72
10 73
10 74
10 75
10 76
10 77
10 78
10 79
10 80
10 81
10 82
10 83
10 84
10 85
10 86
10 87
10 88
10 89
10 90
10 91
10 92
10 93
10 94
10 95
10 96
10 97
10 98
10 99
11 12
11 13
11 14
11 15
11 16
11 17
11 18
11 19
11 20
11 21
11 22
11 23
11 24
11 25
11 26
11 27
11 28
11 29
11 30
11 31
11 32
11 33
11 34
11 35
11 36
11 37
11 38
11 39
11 40
11 41
11 42
11 43
11 45
11 46
11 47
11 48
11 49
11 51
11 52
11 53
11 54
11 55
11 56
11 57
11 58
11 59
11 60
11 61
11 62
11 63
11 64
11 65
11 66
11 67
11 68
11 69
11 70
11 71
11 72
11 73
11 75
11 76
11 77
11 78
11 79
11 80
11 81
11 82
11 83
11 84
11 85
11 86
11 87
11 88
11 89
11 90
11 91
11 92
11 93
11 94
11 95
11 96
11 97
11 98
11 99
12 13
12 14
12 15
12 16
12 17
12 18
12 19
12 20
12 21
12 22
12 23
12 24
12 25
12 26
12 27
12 28
12 29
12 30
12 31
12 32
12 33
12 34
12 35
12 36
12 37
12 38
12 39
12 40
12 41
12 42
12 43
12 44
12 45
12 46
12 47
12 48
12 49
12 50
12 52
12 53
12 54
12 55
12 56
12 58
12 59
12 61
12 62
12 64
12 66
12 67
12 68
12 69
12 70
12 71
12 72
12 73
12 74
12 75
12 76
12 77
12 78
12 79
12 80
12 81
12 82
12 83
12 84
12 85
12 86
12 87
12 88
12 90
12 91
12 92
12 93
12 94
12 95
12 96
12 97
12 98
12 99
13 14
13 15
13 16
13 17
13 18
13 19
13 20
13 22
13 23
13 24
13 25
13 26
13 27
13 28
13 29
13 30
13 31
13 32
13 33
13 34
13 35
13 36
13 37
13 38
13 39
13 40
13 41
13 42
13 43
13 44
13 45
13 46
13 47
13 48
13 49
13 50
13 51
13 52
13 53
13 54
13 55
13 56
13 57
13 58
13 59
13 60
13 62
13 63
13 64
13 65
13 66
13 67
13 68
13 69
13 70
13 71
13 72
13 73
13 74
13 75
13 76
13 77
13 78
13 79
13 80
13 81
13 82
13 83
13 84
13 85
13 86
13 87
13 88
13 89
13 90
13 91
13 92
13 93
13 94
13 95
13 96
13 97
13 98
13 99
14 15
14 16
14 17
14 18
14 19
14 21
14 22
14 23
14 24
14 25
14 26
14 27
14 28
14 29
14 30
14 31
14 32
14 33
14 34
14 35
14 36
14 37
14 39
14 40
14 41
14 42
14 43
14 44
14 46
14 47
14 48
14 49
14 50
14 51
14 52
14 53
14 55
14 56
14 57
14 58
14 59
14 60
14 61
14 62
14 64
14 65
14 66
14 67
14 68
14 69
14 70
14 71
14 72
14 73
14 74
14 75
14 76
14 77
14 78
14 79
14 80
14 81
14 82
14 83
14 84
14 85
14 86
14 87
14 88
14 89
14 91
14 92
14 93
14 94
14 96
14 97
14 98
14 99
15 16
15 17
15 18
15 19
15 20
15 21
15 22
15 23
15 24
15 25
15 26
15 27
15 29
15 30
15 31
15 32
15 33
15 34
15 35
15 36
15 37
15 38
15 39
15 40
15 41
15 42
15 43
15 44
15 45
15 46
15 47
15 48
15 49
15 51
15 52
15 53
15 54
15 55
15 56
15 57
15 58
15 59
15 60
15 61
15 62
15 63
15 64
15 65
15 66
15 67
15 68
15 69
15 70
15 71
15 72
15 73
15 74
15 75
15 76
15 77
15 78
15 79
15 80
15 81
15 82
15 83
15 84
15 86
15 87
15 88
15 89
15 90
15 91
15 92
15 93
15 94
15 95
15 96
15 97
15 98
15 99
16 17
16 18
16 19
16 20
16 21
16 22
16 23
16 24
16 26
16 27
16 28
16 29
16 30
16 31
16 32
16 33
16 34
16 35
16 36
16 37
16 38
16 39
16 40
16 41
16 42
16 43
16 44
16 45
16 46
16 48
16 49
16 50
16 51
16 52
16 53
16 54
16 55
16 56
16 57
16 58
16 59
16 60
16 61
16 62
16 63
16 64
16 65
16 66
16 67
16 68
16 69
16 70
16 71
16 72
16 73
16 74
16 75
16 76
16 77
16 78
16 79
16 81
16 82
16 83
16 84
16 85
16 86
16 87
16 88
16 89
16 90
16 91
16 92
16 93
16 94
16 95
16 96
16 98
16 99
17 18
17 19
17 21
17 22
17 23
17 24
17 25
17 26
17 27
17 28
17 29
17 30
17 31
17 32
17 33
17 34
17 35
17 36
17 37
17 38
17 39
17 40
17 42
17 43
17 44
17 45
17 46
17 47
17 48
17 49
17 50
17 51
17 53
17 54
17 55
17 56
17 57
17 58
17 59
17 60
17 61
17 62
17 63
17 64
17 65
17 66
17 67
17 68
17 70
17 71
17 72
17 73
17 74
17 75
17 76
17 77
17 78
17 79
17 80
17 81
17 82
17 83
17 84
17 85
17 86
17 87
17 88
17 89
17 90
17 91
17 93
17 94
17 95
17 96
17 97
17 98
17 99
18 19
18 20
18 21
18 22
18 23
18 24
18 25
18 26
18 27
18 28
18 29
18 30
18 31
18 32
18 33
18 34
18 35
18 36
18 37
18 38
18 39
18 40
18 41
18 42
18 43
18 45
18 46
18 47
18 48
18 49
18 50
18 51
18 52
18 53
18 54
18 55
18 56
18 57
18 59
18 60
18 61
18 62
18 63
18 64
18 65
18 67
18 68
18 69
18 70
18 71
18 72
18 73
18 74
18 75
18 76
18 77
18 78
18 79
18 80
18 81
18 82
18 83
18 84
18 85
18 86
18 87
18 88
18 89
18 90
18 91
18 92
18 93
18 94
18 95
18 96
18 97
18 98
18 99
19 20
19 21
19 22
19 23
19 24
19 25
19 26
19 27
19 29
19 30
19 31
19 32
19 33
19 34
19 35
19 36
19 37
19 38
19 39
19 40
19 41
19 42
19 43
19 44
19 45
19 46
19 47
19 48
19 49
19 50
19 51
19 52
19 53
19 54
19 55
19 56
19 57
19 58
19 59
19 60
19 61
19 62
19 63
19 64
19 65
19 66
19 67
19 68
19 69
19 70
19 71
19 72
19 73
19 74
19 75
19 76
19 77
19 78
19 79
19 80
19 82
19 83
19 84
19 85
19 86
19 88
19 89
19 90
19 92
19 93
19 94
19 95
19 96
19 97
19 98
19 99
20 21
20 22
20 23
20 24
20 25
20 26
20 27
20 28
20 29
20 30
20 31
20 32
20 33
20 34
20 35
20 36
20 37
20 38
20 39
20 40
20 41
20 43
20 44
20 45
20 46
20 47
20 48
20 49
20 50
20 51
20 52
20 53
20 54
20 55
20 56
20 57
20 58
20 59
20 60
20 61
20 62
20 63
20 64
20 65
20 66
20 67
20 68
20 69
20 70
20 71
20 72
20 73
20 75
20 76
20 77
20 78
20 79
20 80
20 81
20 82
20 83
20 84
20 85
20 86
20 87
20 88
20 89
20 90
20 91
20 92
20 93
20 94
20 95
20 96
20 97
20 98
21 22
21 23
21 24
21 25
21 26
21 29
21 30
21 31
21 32
21 33
21 34
21 35
21 37
21 38
21 39
21 40
21 41
21 42
21 43
21 44
21 45
21 46
21 47
21 48
21 49
21 50
21 51
21 52
21 53
21 54
21 55
21 56
21 57
21 58
21 59
21 60
21 61
21 62
21 63
21 65
21 66
21 67
21 68
21 69
21 70
21 72
21 73
21 74
21 75
21 76
21 77
21 78
21 79
21 80
21 81
21 82
21 84
21 85
21 86
21 87
21 88
21 89
21 90
21 91
21 92
21 93
21 94
21 95
21 96
21 97
21 98
21 99
22 23
22 24
22 25
22 26
22 27
22 28
22 29
22 30
22 31
22 32
22 33
22 34
22 35
22 36
22 37
22 38
22 39
22 40
22 42
22 43
22 44
22 45
22 46
22 47
22 48
22 49
22 50
22 51
22 52
22 54
22 55
22 56
22 57
22 58
22 59
22 60
22 61
22 62
22 63
22 64
22 65
22 66
22 67
22 68
22 69
22 70
22 71
22 72
22 73
22 74
22 75
22 76
22 77
22 78
22 79
22 80
22 82
22 83
22 84
22 85
22 86
22 87
22 88
22 89
22 90
22 91
22 92
22 93
22 94
22 95
22 96
22 97
22 99
23 24
23 25
23 26
23 27
23 28
23 29
23 30
23 31
23 32
23 33
23 34
23 35
23 37
23 38
23 40
23 41
23 42
23 43
23 44
23 45
23 46
23 47
23 48
23 49
23 50
23 51
23 52
23 53
23 54
23 55
23 56
23 57
23 58
23 59
23 60
23 61
23 62
23 63
23 64
23 65
23 66
23 67
23 68
23 69
23 70
23 71
23 72
23 73
23 74
23 75
23 76
23 77
23 78
23 79
23 80
23 81
23 82
23 83
23 84
23 85
23 86
23 87
23 88
23 89
23 90
23 91
23 92
23 93
23 94
23 95
23 96
23 98
23 99
24 25
24 26
24 27
24 28
24 29
24 30
24 31
24 32
24 33
24 34
24 35
24 36
24 37
24 38
24 39
24 40
24 41
24 42
24 43
24 44
24 45
24 46
24 47
24 48
24 49
24 50
24 51
24 52
24 53
24 54
24 55
24 56
24 57
24 58
24 59
24 60
24 61
24 62
24 64
24 65
24 66
24 67
24 68
24 69
24 70
24 71
24 72
24 73
24 75
24 76
24 77
24 78
24 80
24 81
24 82
24 83
24 84
24 85
24 86
24 87
24 88
24 89
24 90
24 91
24 92
24 93
24 94
24 96
24 98
24 99
25 26
25 27
25 28
25 29
25 30
25 31
25 32
25 33
25 34
25 35
25 36
25 37
25 38
25 39
25 40
25 41
25 42
25 43
25 44
25 45
25 46
25 47
25 48
25 49
25 50
25 51
25 52
25 53
25 54
25 55
25 56
25 57
25 58
25 59
25 60
25 61
25 62
25 63
25 64
25 65
25 66
25 67
25 68
25 69
25 70
25 71
25 72
25 73
25 74
25 75
25 76
25 77
25 78
25 79
25 80
25 81
25 82
25 83
25 84
25 85
25 86
25 87
25 88
25 89
25 90
25 91
25 92
25 93
25 94
25 95
25 96
25 97
25 98
25 99
26 27
26 28
26 29
26 30
26 31
26 32
26 33
26 34
26 35
26 36
26 37
26 38
26 39
26 40
26 41
26 42
26 43
26 44
26 45
26 46
26 47
26 48
26 49
26 50
26 51
26 52
26 53
26 54
26 55
26 56
26 57
26 58
26 59
26 60
26 61
26 62
26 63
26 64
26 65
26 66
26 67
26 68
26 69
26 70
26 71
26 73
26 74
26 75
26 76
26 77
26 78
26 79
26 80
26 81
26 82
26 83
26 84
26 85
26 86
26 87
26 88
26 89
26 90
26 91
26 92
26 93
26 94
26 95
26 96
26 97
26 98
26 99
27 28
27 29
27 30
27 31
27 32
27 33
27 34
27 35
27 36
27 37
27 38
27 39
27 40
27 41
27 42
27 43
27 44
27 45
27 46
27 47
27 48
27 49
27 50
27 51
27 52
27 53
27 55
27 56
27 57
27 58
27 59
27 60
27 61
27 62
27 63
27 64
27 65
27 66
27 67
27 68
27 69
27 70
27 71
27 72
27 73
27 74
27 75
27 76
27 78
27 79
27 80
27 81
27 82
27 83
27 84
27 85
27 86
27 87
27 88
27 89
27 90
27 91
27 92
27 93
27 94
27 95
27 96
27 97
27 98
27 99
28 29
28 30
28 31
28 32
28 33
28 34
28 35
28 36
28 37
28 38
28 39
28 40
28 41
28 42
28 43
28 44
28 45
28 46
28 47
28 48
28 49
28 50
28 52
28 53
28 54
28 55
28 56
28 57
28 58
28 59
28 60
28 62
28 63
28 64
28 65
28 66
28 67
28 68
28 69
28 70
28 71
28 72
28 73
28 74
28 75
28 76
28 77
28 78
28 79
28 80
28 81
28 82
28 83
28 84
28 85
28 86
28 87
28 88
28 89
28 90
28 91
28 92
28 93
28 94
28 95
28 96
28 97
28 98
28 99
29 30
29 31
29 32
29 33
29 34
29 35
29 36
29 37
29 38
29 39
29 40
29 41
29 42
29 43
29 44
29 45
29 46
29 47
29 48
29 49
29 50
29 51
29 52
29 53
29 54
29 55
29 56
29 57
29 58
29 59
29 60
29 61
29 63
29 65
29 66
29 67
29 69
29 70
29 71
29 72
29 73
29 74
29 75
29 76
29 77
29 78
29 79
29 80
29 81
29 82
29 83
29 84
29 85
29 86
29 87
29 88
29 89
29 90
29 91
29 93
29 94
29 95
29 96
29 97
29 98
29 99
30 31
30 32
30 33
30 34
30 35
30 36
30 37
30 38
30 39
30 40
30 41
30 42
30 43
30 44
30 45
30 46
30 47
30 48
30 49
30 51
30 52
30 53
30 54
30 55
30 56
30 57
30 58
30 59
30 60
30 61
30 62
30 64
30 65
30 66
30 67
30 68
30 70
30 71
30 72
30 73
30 74
30 75
30 76
30 77
30 78
30 79
30 80
30 81
30 82
30 83
30 84
30 85
30 86
30 87
30 88
30 89
30 90
30 91
30 92
30 93
30 94
30 95
30 96
30 97
30 98
30 99
31 32
31 33
31 34
31 35
31 36
31 37
31 38
31 39
31 40
31 41
31 42
31 43
31 44
31 45
31 46
31 47
31 48
31 49
31 50
31 51
31 52
31 53
31 54
31 55
31 56
31 57
31 58
31 59
31 61
31 62
31 63
31 64
31 65
31 66
31 68
31 69
31 70
31 71
31 72
31 74
31 75
31 76
31 77
31 78
31 79
31 80
31 81
31 82
31 83
31 84
31 85
31 86
31 87
31 88
31 89
31 90
31 91
31 92
31 93
31 94
31 95
31 96
31 97
31 98
31 99
32 33
32 34
32 35
32 36
32 37
32 38
32 39
32 40
32 41
32 42
32 43
32 44
32 45
32 47
32 48
32 49
32 50
32 51
32 52
32 53
32 54
32 55
32 56
32 57
32 58
32 59
32 60
32 61
32 62
32 63
32 64
32 65
32 66
32 67
32 68
32 69
32 70
32 72
32 73
32 74
32 75
32 76
32 77
32 78
32 79
32 81
32 82
32 83
32 84
32 86
32 87
32 88
32 89
32 90
32 91
32 92
32 93
32 94
32 95
32 97
32 99
33 34
33 35
33 36
33 37
33 38
33 39
33 40
33 41
33 42
33 43
33 44
33 45
33 46
33 47
33 48
33 49
33 50
33 51
33 52
33 53
33 54
33 55
33 56
33 57
33 58
33 59
33 60
33 61
33 62
33 63
33 64
33 65
33 66
33 67
33 69
33 70
33 71
33 72
33 73
33 74
33 75
33 76
33 78
33 79
33 80
33 81
33 83
33 85
33 86
33 87
33 88
33 90
33 91
33 92
33 93
33 94
33 95
33 96
33 97
33 98
33 99
34 35
34 36
34 37
34 38
34 39
34 40
34 41
34 42
34 43
34 44
34 45
34 46
34 47
34 48
34 49
34 50
34 51
34 52
34 53
34 54
34 55
34 56
34 57
34 58
34 59
34 60
34 61
34 62
34 63
34 64
34 65
34 66
34 67
34 68
34 69
34 70
34 71
34 73
34 74
34 75
34 76
34 77
34 78
34 79
34 80
34 81
34 82
34 83
34 84
34 85
34 86
34 87
34 88
34 89
34 90
34 91
34 92
34 93
34 94
34 95
34 96
34 97
34 98
34 99
35 36
35 37
35 38
35 39
35 40
35 41
35 42
35 43
35 44
35 45
35 46
35 47
35 48
35 49
35 51
35 52
35 53
35 54
35 55
35 56
35 57
35 58
35 59
35 60
35 61
35 62
35 63
35 65
35 66
35 67
35 68
35 69
35 70
35 71
35 72
35 73
35 74
35 75
35 76
35 77
35 78
35 79
35 80
35 81
35 82
35 84
35 85
35 86
35 87
35 88
35 89
35 90
35 91
35 92
35 93
35 94
35 95
35 96
35 97
35 98
35 99
36 37
36 38
36 39
36 40
36 41
36 42
36 43
36 44
36 45
36 46
36 47
36 48
36 49
36 50
36 51
36 53
36 54
36 55
36 56
36 57
36 58
36 59
36 60
36 61
36 62
36 64
36 65
36 66
36 67
36 68
36 69
36 70
36 71
36 72
36 73
36 74
36 75
36 76
36 77
36 78
36 79
36 80
36 81
36 82
36 83
36 84
36 85
36 86
36 87
36 88
36 89
36 90
36 91
36 92
36 93
36 94
36 95
36 96
36 97
36 98
36 99
37 38
37 39
37 40
37 41
37 42
37 43
37 45
37 46
37 47
37 48
37 49
37 50
37 51
37 52
37 53
37 54
37 55
37 56
37 57
37 58
37 59
37 60
37 61
37 62
37 63
37 64
37 65
37 66
37 67
37 68
37 69
37 70
37 71
37 72
37 73
37 74
37 76
37 77
37 78
37 79
37 80
37 81
37 82
37 83
37 84
37 85
37 86
37 87
37 88
37 90
37 91
37 92
37 93
37 95
37 96
37 97
37 98
37 99
38 39
38 41
38 43
38 44
38 45
38 46
38 47
38 48
38 49
38 50
38 51
38 52
38 53
38 54
38 55
38 56
38 57
38 58
38 59
38 60
38 61
38 63
38 64
38 65
38 66
38 67
38 68
38 69
38 70
38 72
38 73
38 74
38 75
38 76
38 77
38 78
38 79
38 80
38 81
38 82
38 83
38 84
38 85
38 86
38 87
38 88
38 89
38 90
38 91
38 92
38 93
38 94
38 95
38 96
38 97
38 98
38 99
39 40
39 41
39 42
39 43
39 44
39 45
39 46
39 47
39 48
39 49
39 50
39 51
39 52
39 53
39 54
39 55
39 56
39 57
39 58
39 59
39 60
39 61
39 62
39 63
39 64
39 65
39 66
39 67
39 68
39 69
39 70
39 71
39 72
39 73
39 74
39 75
39 76
39 77
39 78
39 80
39 81
39 82
39 83
39 84
39 85
39 86
39 87
39 88
39 89
39 90
39 91
39 92
39 93
39 94
39 95
39 96
39 97
39 98
39 99
40 41
40 43
40 44
40 45
40 47
40 48
40 49
40 50
40 51
40 52
40 53
40 54
40 55
40 56
40 57
40 58
40 59
40 60
40 61
40 62
40 63
40 64
40 65
40 66
40 67
40 68
40 70
40 71
40 72
40 73
40 74
40 75
40 76
40 77
40 78
40 79
40 80
40 81
40 82
40 83
40 84
40 85
40 86
40 87
40 88
40 89
40 91
40 92
40 93
40 94
40 96
40 97
40 98
40 99
41 42
41 43
41 44
41 45
41 46
41 47
41 48
41 49
41 50
41 51
41 52
41 53
41 54
41 55
41 56
41 57
41 58
41 59
41 60
41 61
41 62
41 63
41 64
41 65
41 66
41 67
41 68
41 69
41 70
41 71
41 72
41 73
41 74
41 75
41 76
41 77
41 78
41 79
41 80
41 81
41 82
41 83
41 84
41 85
41 86
41 87
41 88
41 89
41 90
41 91
41 92
41 93
41 94
41 95
41 96
41 97
41 98
41 99
42 44
42 45
42 46
42 47
42 48
42 49
42 50
42 51
42 52
42 53
42 54
42 55
42 56
42 57
42 58
42 59
42 60
42 61
42 62
42 63
42 64
42 65
42 66
42 67
42 68
42 69
42 70
42 71
42 72
42 73
42 74
42 75
42 76
42 77
42 78
42 79
42 80
42 81
42 82
42 83
42 84
42 85
42 86
42 87
42 88
42 89
42 90
42 91
42 92
42 93
42 94
42 95
42 96
42 97
42 98
42 99
43 44
43 45
43 46
43 48
43 49
43 51
43 52
43 53
43 54
43 55
43 56
43 57
43 58
43 59
43 60
43 61
43 62
43 63
43 64
43 65
43 66
43 67
43 68
43 69
43 70
43 71
43 72
43 73
43 74
43 75
43 76
43 77
43 78
43 79
43 80
43 81
43 82
43 83
43 84
43 85
43 86
43 87
43 88
43 89
43 90
43 91
43 92
43 93
43 94
43 95
43 96
43 97
43 98
43 99
44 45
44 46
44 47
44 48
44 49
44 50
44 51
44 53
44 54
44 55
44 56
44 57
44 58
44 59
44 60
44 61
44 63
44 64
44 65
44 66
44 67
44 68
44 69
44 70
44 71
44 72
44 73
44 74
44 75
44 76
44 77
44 78
44 79
44 80
44 81
44 82
44 83
44 84
44 85
44 86
44 87
44 88
44 89
44 90
44 91
44 92
44 93
44 94
44 95
44 96
44 97
44 98
44 99
45 46
45 47
45 48
45 49
45 50
45 51
45 52
45 53
45 54
45 55
45 56
45 57
45 58
45 59
45 60
45 61
45 62
45 63
45 64
45 65
45 66
45 67
45 68
45 69
45 71
45 72
45 73
45 74
45 75
45 76
45 77
45 79
45 80
45 82
45 83
45 84
45 86
45 87
45 88
45 89
45 90
45 91
45 92
45 93
45 94
45 95
45 96
45 97
45 98
45 99
46 47
46 49
46 50
46 51
46 52
46 53
46 55
46 56
46 57
46 58
46 59
46 60
46 61
46 62
46 63
46 64
46 65
46 66
46 67
46 68
46 69
46 70
46 71
46 72
46 73
46 74
46 75
46 76
46 77
46 78
46 79
46 80
46 81
46 82
46 83
46 84
46 85
46 86
46 87
46 88
46 89
46 90
46 91
46 92
46 93
46 94
46 95
46 96
46 97
46 98
46 99
47 48
47 49
47 50
47 51
47 52
47 53
47 54
47 55
47 56
47 57
47 58
47 59
47 60
47 61
47 62
47 63
47 64
47 66
47 68
47 70
47 71
47 72
47 73
47 74
47 75
47 76
47 77
47 78
47 79
47 80
47 81
47 82
47 83
47 84
47 85
47 86
47 87
47 88
47 89
47 90
47 91
47 92
47 93
47 94
47 95
47 96
47 97
47 98
47 99
48 49
48 50
48 51
48 52
48 53
48 54
48 55
48 56
48 57
48 58
48 59
48 60
48 61
48 62
48 63
48 64
48 65
48 66
48 67
48 68
48 69
48 70
48 71
48 72
48 74
48 75
48 76
48 77
48 78
48 79
48 80
48 81
48 82
48 83
48 85
48 86
48 87
48 88
48 89
48 90
48 91
48 92
48 93
48 94
48 95
48 96
48 97
48 98
48 99
49 50
49 51
49 52
49 53
49 54
49 55
49 56
49 57
49 58
49 59
49 60
49 61
49 62
49 63
49 64
49 65
49 66
49 67
49 68
49 69
49 70
49 71
49 72
49 73
49 74
49 75
49 76
49 77
49 78
49 79
49 80
49 81
49 82
49 83
49 84
49 85
49 86
49 87
49 88
49 89
49 91
49 92
49 93
49 94
49 95
49 96
49 97
49 98
49 99
50 52
50 53
50 54
50 55
50 56
50 57
50 58
50 59
50 60
50 61
50 62
50 63
50 64
50 65
50 66
50 67
50 68
50 69
50 70
50 71
50 72
50 73
50 74
50 75
50 76
50 77
50 78
50 79
50 81
50 83
50 84
50 85
50 86
50 87
50 88
50 89
50 90
50 91
50 92
50 93
50 95
50 96
50 97
50 98
50 99
51 52
51 53
51 54
51 55
51 56
51 57
51 58
51 59
51 60
51 61
51 62
51 63
51 64
51 65
51 66
51 67
51 68
51 69
51 70
51 71
51 72
51 73
51 74
51 75
51 76
51 77
51 78
51 79
51 80
51 81
51 82
51 83
51 84
51 85
51 86
51 87
51 88
51 89
51 90
51 91
51 92
51 93
51 94
51 95
51 96
51 97
51 98
51 99
52 53
52 54
52 55
52 56
52 57
52 58
52 60
52 62
52 63
52 64
52 65
52 66
52 67
52 68
52 69
52 71
52 72
52 73
52 75
52 77
52 78
52 79
52 80
52 81
52 82
52 83
52 84
52 85
52 86
52 87
52 88
52 89
52 90
52 91
52 92
52 93
52 94
52 95
52 96
52 97
52 98
52 99
53 54
53 56
53 57
53 58
53 60
53 61
53 62
53 63
53 64
53 65
53 66
53 67
53 68
53 69
53 70
53 71
53 72
53 73
53 74
53 75
53 76
53 77
53 78
53 79
53 80
53 81
53 82
53 84
53 85
53 86
53 87
53 88
53 89
53 90
53 91
53 92
53 93
53 94
53 95
53 96
53 97
53 98
53 99
54 55
54 56
54 57
54 58
54 59
54 61
54 62
54 63
54 64
54 65
54 66
54 67
54 68
54 69
54 70
54 71
54 72
54 73
54 74
54 75
54 76
54 77
54 78
54 79
54 80
54 81
54 82
54 83
54 84
54 85
54 87
54 88
54 89
54 90
54 91
54 92
54 93
54 94
54 95
54 96
54 97
54 98
54 99
55 56
55 57
55 58
55 59
55 60
55 61
55 63
55 64
55 65
55 66
55 67
55 68
55 69
55 70
55 71
55 72
55 73
55 74
55 76
55 77
55 78
55 79
55 80
55 81
55 82
55 83
55 84
55 85
55 86
55 87
55 88
55 89
55 90
55 91
55 92
55 93
55 94
55 95
55 96
55 97
55 98
55 99
56 57
56 58
56 59
56 60
56 61
56 62
56 63
56 64
56 65
56 67
56 68
56 69
56 70
56 71
56 72
56 73
56 74
56 75
56 76
56 77
56 78
56 79
56 80
56 81
56 82
56 83
56 84
56 85
56 86
56 87
56 88
56 89
56 90
56 91
56 92
56 93
56 94
56 95
56 96
56 97
56 98
56 99
57 58
57 59
57 60
57 61
57 62
57 63
57 64
57 65
57 66
57 67
57 68
57 69
57 70
57 71
57 72
57 73
57 74
57 75
57 76
57 77
57 78
57 79
57 80
57 81
57 82
57 83
57 84
57 85
57 86
57 87
57 88
57 89
57 90
57 91
57 92
57 93
57 94
57 95
57 97
57 98
57 99
58 59
58 61
58 62
58 63
58 64
58 65
58 66
58 67
58 68
58 69
58 70
58 71
58 72
58 73
58 74
58 75
58 76
58 77
58 79
58 80
58 81
58 82
58 83
58 84
58 85
58 86
58 87
58 88
58 89
58 90
58 91
58 92
58 93
58 94
58 95
58 96
58 97
58 98
58 99
59 60
59 61
59 62
59 63
59 64
59 65
59 66
59 67
59 68
59 69
59 70
59 71
59 72
59 73
59 74
59 75
59 76
59 77
59 79
59 80
59 81
59 82
59 83
59 84
59 85
59 86
59 87
59 88
59 89
59 90
59 91
59 92
59 93
59 94
59 95
59 97
59 98
59 99
60 61
60 62
60 64
60 65
60 66
60 67
60 68
60 69
60 70
60 71
60 72
60 73
60 74
60 75
60 76
60 77
60 78
60 79
60 80
60 81
60 82
60 83
60 84
60 85
60 86
60 87
60 88
60 89
60 90
60 91
60 92
60 93
60 94
60 95
60 96
60 97
60 98
60 99
61 62
61 63
61 64
61 65
61 66
61 67
61 68
61 69
61 70
61 71
61 72
61 73
61 74
61 75
61 76
61 77
61 78
61 79
61 80
61 81
61 82
61 83
61 84
61 85
61 86
61 87
61 88
61 89
61 91
61 92
61 93
61 94
61 95
61 97
61 98
61 99
62 63
62 64
62 65
62 66
62 67
62 68
62 69
62 70
62 71
62 72
62 73
62 74
62 75
62 76
62 77
62 78
62 79
62 80
62 81
62 82
62 83
62 84
62 85
62 86
62 87
62 88
62 89
62 91
62 92
62 93
62 94
62 95
62 96
62 97
62 98
62 99
63 64
63 66
63 67
63 68
63 69
63 70
63 71
63 72
63 73
63 74
63 75
63 76
63 77
63 78
63 79
63 80
63 81
63 82
63 83
63 84
63 85
63 86
63 87
63 90
63 91
63 92
63 93
63 94
63 95
63 96
63 97
63 98
63 99
64 65
64 66
64 67
64 68
64 70
64 71
64 72
64 73
64 74
64 75
64 76
64 77
64 78
64 79
64 80
64 81
64 82
64 83
64 84
64 85
64 86
64 87
64 88
64 89
64 90
64 91
64 92
64 93
64 94
64 95
64 96
64 98
64 99
65 66
65 67
65 68
65 69
65 70
65 71
65 72
65 73
65 74
65 75
65 76
65 77
65 78
65 79
65 80
65 81
65 82
65 83
65 84
65 85
65 86
65 87
65 88
65 89
65 90
65 91
65 92
65 93
65 94
65 95
65 96
65 97
65 98
65 99
66 67
66 68
66 70
66 71
66 72
66 73
66 75
66 76
66 77
66 78
66 79
66 80
66 81
66 82
66 83
66 84
66 85
66 86
66 87
66 88
66 89
66 90
66 91
66 92
66 93
66 94
66 95
66 96
66 97
66 98
66 99
67 68
67 69
67 70
67 71
67 72
67 73
67 75
67 76
67 77
67 78
67 79
67 80
67 81
67 82
67 83
67 84
67 85
67 86
67 87
67 88
67 89
67 90
67 91
67 92
67 93
67 94
67 95
67 96
67 97
67 98
67 99
68 69
68 70
68 73
68 74
68 75
68 76
68 77
68 78
68 79
68 80
68 81
68 82
68 83
68 84
68 85
68 86
68 87
68 88
68 89
68 90
68 91
68 92
68 93
68 94
68 96
68 97
68 98
68 99
69 70
69 71
69 72
69 73
69 74
69 75
69 78
69 79
69 80
69 81
69 82
69 83
69 84
69 86
69 87
69 88
69 89
69 90
69 91
69 92
69 93
69 94
69 95
69 96
69 97
69 99
70 71
70 72
70 73
70 74
70 75
70 76
70 77
70 78
70 79
70 80
70 82
70 83
70 84
70 85
70 86
70 87
70 88
70 89
70 90
70 91
70 92
70 93
70 94
70 95
70 96
70 97
70 98
70 99
71 72
71 73
71 74
71 75
71 76
71 77
71 78
71 79
71 80
71 81
71 82
71 83
71 84
71 85
71 86
71 87
71 88
71 89
71 90
71 91
71 92
71 93
71 94
71 95
71 96
71 97
71 98
71 99
72 73
72 74
72 75
72 76
72 77
72 78
72 79
72 80
72 81
72 82
72 83
72 84
72 85
72 86
72 87
72 88
72 90
72 91
72 94
72 95
72 96
72 97
72 98
72 99
73 74
73 76
73 78
73 79
73 80
73 81
73 82
73 83
73 84
73 85
73 86
73 87
73 88
73 89
73 90
73 92
73 93
73 94
73 95
73 97
73 98
73 99
74 75
74 76
74 77
74 79
74 80
74 81
74 82
74 83
74 84
74 85
74 86
74 87
74 88
74 89
74 90
74 91
74 92
74 93
74 94
74 95
74 96
74 97
74 98
74 99
75 76
75 77
75 78
75 79
75 81
75 82
75 83
75 84
75 85
75 86
75 87
75 88
75 89
75 90
75 91
75 92
75 93
75 94
75 95
75 96
75 97
75 98
75 99
76 77
76 78
76 79
76 80
76 81
76 82
76 83
76 84
76 85
76 87
76 88
76 89
76 90
76 91
76 92
76 93
76 94
76 95
76 96
76 98
76 99
77 78
77 79
77 80
77 81
77 82
77 83
77 84
77 85
77 86
77 87
77 88
77 89
77 90
77 91
77 92
77 93
77 94
77 95
77 96
77 97
77 98
77 99
78 79
78 80
78 81
78 82
78 83
78 84
78 85
78 86
78 87
78 88
78 89
78 90
78 91
78 92
78 93
78 94
78 95
78 96
78 97
78 98
78 99
79 80
79 81
79 82
79 83
79 84
79 85
79 86
79 87
79 88
79 89
79 90
79 91
79 92
79 93
79 94
79 95
79 96
79 98
79 99
80 81
80 82
80 83
80 84
80 85
80 86
80 87
80 88
80 89
80 90
80 91
80 92
80 93
80 94
80 96
80 97
80 98
80 99
81 82
81 83
81 84
81 85
81 87
81 88
81 89
81 90
81 91
81 92
81 93
81 94
81 95
81 96
81 97
81 98
82 83
82 84
82 85
82 86
82 87
82 88
82 89
82 90
82 91
82 92
82 93
82 94
82 95
82 96
82 97
82 98
83 84
83 85
83 86
83 87
83 88
83 89
83 90
83 91
83 92
83 93
83 94
83 95
83 96
83 97
83 98
83 99
84 85
84 86
84 87
84 88
84 89
84 90
84 91
84 92
84 93
84 95
84 96
84 98
84 99
85 86
85 87
85 88
85 89
85 90
85 91
85 92
85 93
85 94
85 96
85 97
85 98
86 87
86 89
86 90
86 91
86 92
86 93
86 94
86 95
86 96
86 97
86 98
86 99
87 88
87 89
87 90
87 91
87 92
87 93
87 94
87 95
87 96
87 97
87 98
87 99
88 89
88 90
88 91
88 92
88 93
88 94
88 95
88 96
88 97
88 98
88 99
89 90
89 91
89 92
89 93
89 94
89 96
89 97
89 98
89 99
90 91
90 92
90 93
90 95
90 96
90 97
90 98
90 99
91 92
91 93
91 94
91 95
91 96
91 97
91 98
91 99
92 93
92 94
92 95
92 96
92 97
92 98
92 99
93 94
93 95
93 96
93 98
93 99
94 95
94 96
94 97
94 98
94 99
95 96
95 97
95 98
95 99
96 97
96 98
96 99
97 99
98 99
100 101
100 102
100 103
100 104
100 105
100 108
100 109
100 110
100 111
100 112
100 113
100 114
100 115
100 116
100 117
100 118
100 119
100 120
100 121
100 122
100 123
100 124
100 125
100 126
100 127
100 128
100 129
100 130
100 131
100 132
100 133
100 134
100 135
100 136
100 137
100 138
100 139
100 140
100 141
100 142
100 143
100 144
100 145
100 146
100 147
100 148
100 149
101 102
101 103
101 104
101 105
101 106
101 107
101 108
101 109
101 110
101 112
101 113
101 114
101 115
101 116
101 117
101 119
101 120
101 122
101 123
101 124
101 125
101 126
101 127
101 129
101 130
101 131
101 132
101 133
101 134
101 135
101 136
101 137
101 138
101 139
101 140
101 141
101 143
101 144
101 145
101 146
101 147
101 148
101 149
102 104
102 105
102 106
102 107
102 108
102 109
102 110
102 111
102 112
102 113
102 114
102 115
102 116
102 117
102 118
102 119
102 120
102 121
102 122
102 123
102 124
102 125
102 126
102 127
102 128
102 129
102 130
102 131
102 132
102 133
102 134
102 135
102 136
102 137
102 138
102 139
102 140
102 141
102 142
102 143
102 144
102 146
102 147
102 148
102 149
103 104
103 106
103 107
103 108
103 109
103 110
103 111
103 112
103 113
103 114
103 115
103 116
103 118
103 119
103 120
103 121
103 122
103 123
103 124
103 125
103 126
103 127
103 128
103 129
103 130
103 131
103 132
103 133
103 134
103 135
103 136
103 137
103 138
103 140
103 141
103 142
103 143
103 144
103 145
103 146
103 147
103 148
103 149
104 105
104 106
104 107
104 108
104 109
104 110
104 111
104 112
104 113
104 114
104 115
104 116
104 117
104 118
104 119
104 120
104 122
104 123
104 124
104 125
104 126
104 127
104 128
104 129
104 130
104 131
104 132
104 133
104 134
104 135
104 136
104 137
104 138
104 139
104 140
104 141
104 142
104 143
104 144
104 145
104 146
104 147
104 148
104 149
105 106
105 107
105 108
105 109
105 110
105 111
105 112
105 113
105 114
105 115
105 116
105 117
105 118
105 119
105 120
105 121
105 122
105 123
105 124
105 125
105 126
105 127
105 128
105 129
105 130
105 131
105 132
105 133
105 134
105 135
105 136
105 137
105 138
105 140
105 141
105 142
105 143
105 144
105 145
105 146
105 147
105 148
105 149
106 107
106 108
106 109
106 110
106 111
106 112
106 113
106 114
106 115
106 116
106 117
106 118
106 119
106 120
106 121
106 122
106 123
106 124
106 125
106 126
106 128
106 129
106 130
106 131
106 132
106 133
106 134
106 135
106 137
106 138
106 139
106 140
106 141
106 142
106 143
106 144
106 145
106 146
106 147
106 148
106 149
107 108
107 109
107 110
107 111
107 112
107 113
107 114
107 115
107 116
107 117
107 118
107 119
107 121
107 122
107 123
107 124
107 125
107 126
107 127
107 128
107 129
107 130
107 131
107 132
107 133
107 134
107 135
107 136
107 137
107 138
107 139
107 140
107 141
107 142
107 143
107 144
107 145
107 146
107 148
108 109
108 111
108 112
108 113
108 115
108 116
108 117
108 118
108 119
108 120
108 121
108 122
108 123
108 124
108 125
108 126
108 127
108 128
108 129
108 130
108 131
108 132
108 133
108 134
108 135
108 136
108 137
108 138
108 139
108 140
108 141
108 142
108 143
108 144
108 145
108 146
108 147
108 148
108 149
109 110
109 111
109 112
109 113
109 114
109 115
109 116
109 117
109 118
109 119
109 120
109 121
109 122
109 123
109 124
109 125
109 126
109 127
109 128
109 129
109 130
109 131
109 132
109 133
109 134
109 135
109 136
109 137
109 138
109 139
109 140
109 141
109 142
109 143
109 144
109 145
109 146
109 147
109 148
109 149
110 111
110 113
110 114
110 115
110 116
110 117
110 118
110 119
110 121
110 122
110 124
110 125
110 126
110 127
110 128
110 129
110 130
110 131
110 132
110 133
110 134
110 135
110 136
110 137
110 138
110 139
110 140
110 141
110 142
110 143
110 144
110 145
110 146
110 147
110 148
110 149
111 112
111 113
111 114
111 115
111 116
111 117
111 118
111 119
111 121
111 122
111 123
111 124
111 125
111 126
111 127
111 128
111 129
111 130
111 132
111 133
111 134
111 135
111 136
111 137
111 138
111 139
111 140
111 141
111 142
111 143
111 144
111 145
111 146
111 147
111 148
111 149
112 113
112 114
112 115
112 116
112 117
112 118
112 119
112 121
112 122
112 123
112 124
112 125
112 126
112 127
112 129
112 130
112 131
112 132
112 133
112 134
112 135
112 136
112 137
112 138
112 139
112 140
112 141
112 142
112 143
112 144
112 145
112 146
112 147
112 148
112 149
113 115
113 117
113 118
113 119
113 120
113 121
113 122
113 123
113 124
113 125
113 126
113 127
113 128
113 129
113 130
113 131
113 132
113 134
113 135
113 136
113 137
113 138
113 139
113 140
113 141
113 142
113 143
113 144
113 145
113 146
113 147
113 148
113 149
114 115
114 116
114 117
114 118
114 119
114 120
114 121
114 122
114 123
114 124
114 125
114 126
114 127
114 128
114 129
114 130
114 131
114 132
114 134
114 135
114 136
114 137
114 138
114 139
114 140
114 141
114 142
114 143
114 144
114 145
114 146
114 147
114 148
114 149
115 116
115 117
115 118
115 119
115 120
115 121
115 122
115 123
115 124
115 125
115 126
115 127
115 128
115 129
115 130
115 131
115 132
115 133
115 134
115 136
115 137
115 138
115 139
115 140
115 141
115 142
115 143
115 144
115 145
115 146
115 147
115 148
115 149
116 117
116 118
116 119
116 120
116 121
116 122
116 123
116 124
116 125
116 126
116 127
116 128
116 129
116 130
116 131
116 132
116 133
116 134
116 135
116 136
116 137
116 138
116 139
116 140
116 141
116 142
116 143
116 144
116 145
116 146
116 147
116 148
116 149
117 118
117 119
117 120
117 121
117 122
117 123
117 124
117 125
117 126
117 127
117 128
117 129
117 130
117 131
117 132
117 133
117 134
117 135
117 136
117 137
117 138
117 139
117 140
117 141
117 142
117 143
117 144
117 145
117 146
117 147
117 148
117 149
118 119
118 120
118 121
118 122
118 123
118 124
118 125
118 126
118 127
118 128
118 129
118 130
118 131
118 132
118 133
118 134
118 135
118 136
118 137
118 138
118 139
118 140
118 141
118 142
118 143
118 144
118 145
118 146
118 147
118 148
118 149
119 120
119 121
119 122
119 123
119 124
119 125
119 126
119 127
119 128
119 129
119 130
119 131
119 132
119 133
119 134
119 135
119 136
119 137
119 138
119 139
119 140
119 141
119 142
119 143
119 144
119 145
119 146
119 147
119 148
119 149
120 121
120 122
120 123
120 124
120 125
120 126
120 127
120 128
120 129
120 130
120 131
120 132
120 133
120 134
120 135
120 136
120 137
120 138
120 139
120 140
120 141
120 142
120 143
120 144
120 145
120 146
120 147
120 148
120 149
121 122
121 123
121 124
121 125
121 126
121 127
121 128
121 129
121 130
121 131
121 132
121 133
121 134
121 136
121 137
121 138
121 139
121 140
121 141
121 142
121 143
121 145
121 146
121 147
121 148
121 149
122 123
122 124
122 125
122 126
122 127
122 128
122 129
122 130
122 133
122 134
122 135
122 136
122 137
122 138
122 139
122 140
122 141
122 142
122 143
122 145
122 146
122 147
122 148
122 149
123 124
123 125
123 126
123 127
123 128
123 129
123 130
123 131
123 132
123 133
123 134
123 136
123 137
123 138
123 139
123 140
123 141
123 142
123 143
123 144
123 145
123 146
123 147
123 148
123 149
124 125
124 126
124 127
124 128
124 129
124 130
124 131
124 132
124 133
124 134
124 135
124 136
124 138
124 139
124 140
124 141
124 142
124 143
124 144
124 145
124 146
124 147
124 148
124 149
125 126
125 127
125 128
125 130
125 131
125 132
125 133
125 134
125 135
125 137
125 138
125 139
125 140
125 141
125 142
125 143
125 144
125 145
125 146
125 147
125 148
125 149
126 128
126 129
126 130
126 133
126 134
126 135
126 136
126 137
126 138
126 139
126 140
126 141
126 142
126 143
126 144
126 145
126 147
126 148
126 149
127 128
127 129
127 130
127 131
127 132
127 133
127 134
127 135
127 136
127 137
127 138
127 139
127 140
127 141
127 142
127 143
127 144
127 145
127 146
127 147
127 148
127 149
128 129
128 130
128 131
128 132
128 133
128 134
128 135
128 136
128 137
128 138
128 139
128 140
128 142
128 143
128 144
128 145
128 146
128 147
128 148
128 149
129 130
129 131
129 132
129 133
129 134
129 135
129 136
129 137
129 138
129 139
129 140
129 141
129 142
129 143
129 144
129 145
129 146
129 147
129 148
129 149
130 131
130 132
130 133
130 134
130 135
130 136
130 137
130 138
130 139
130 140
130 141
130 142
130 143
130 144
130 145
130 146
130 147
130 148
130 149
131 132
131 133
131 134
131 136
131 137
131 138
131 139
131 140
131 141
131 143
131 144
131 145
131 146
131 147
131 148
131 149
132 133
132 134
132 135
132 136
132 137
132 139
132 140
132 141
132 142
132 143
132 144
132 145
132 146
132 147
132 148
132 149
133 134
133 135
133 136
133 137
133 138
133 139
133 140
133 141
133 142
133 143
133 144
133 145
133 146
133 147
133 148
133 149
134 135
134 136
134 137
134 138
134 139
134 140
134 141
134 142
134 143
134 144
134 145
134 146
134 147
134 148
134 149
135 136
135 137
135 138
135 139
135 140
135 141
135 142
135 143
135 144
135 145
135 146
135 147
135 148
135 149
136 137
136 138
136 139
136 140
136 141
136 143
136 144
136 145
136 146
136 147
136 148
136 149
137 138
137 139
137 140
137 141
137 143
137 144
137 145
137 146
137 147
137 148
137 149
138 139
138 140
138 141
138 142
138 143
138 144
138 145
138 146
138 147
138 148
138 149
139 140
139 141
139 142
139 143
139 144
139 145
139 146
139 147
139 148
139 149
140 141
140 142
140 143
140 145
140 146
140 147
140 148
140 149
141 143
141 144
141 145
141 146
141 147
141 148
141 149
142 143
142 144
142 145
142 146
142 147
142 148
142 149
143 144
143 145
143 146
143 147
143 148
143 149
144 145
144 146
144 147
144 148
144 149
145 146
145 147
145 148
145 149
146 147
146 148
146 149
147 148
147 149
148 149
150 151
150 152
150 153
150 154
150 155
150 156
150 157
150 158
150 159
150 160
150 161
150 162
150 163
150 164
150 165
150 166
150 168
150 169
150 170
150 171
150 172
150 173
150 174
150 175
150 176
150 177
150 178
150 179
151 152
151 153
151 154
151 155
151 156
151 157
151 158
151 159
151 161
151 162
151 163
151 164
151 165
151 166
151 167
151 169
151 170
151 173
151 174
151 175
151 176
151 177
151 178
151 179
152 153
152 154
152 155
152 156
152 157
152 158
152 159
152 161
152 162
152 163
152 164
152 165
152 166
152 167
152 168
152 169
152 170
152 171
152 172
152 173
152 174
152 176
152 177
152 178
152 179
153 155
153 156
153 158
153 159
153 160
153 161
153 162
153 163
153 164
153 165
153 166
153 167
153 168
153 169
153 170
153 171
153 172
153 173
153 174
153 175
153 176
153 177
153 178
153 179
154 156
154 157
154 158
154 160
154 161
154 162
154 163
154 164
154 165
154 166
154 167
154 168
154 169
154 170
154 171
154 172
154 173
154 174
154 175
154 176
154 177
154 178
154 179
155 156
155 157
155 158
155 159
155 160
155 161
155 162
155 163
155 164
155 165
155 166
155 167
155 168
155 169
155 170
155 171
155 172
155 173
155 174
155 175
155 176
155 177
155 178
155 179
156 157
156 158
156 159
156 160
156 161
156 163
156 165
156 166
156 167
156 168
156 169
156 170
156 171
156 172
156 173
156 174
156 175
156 176
156 177
156 178
156 179
157 158
157 159
157 160
157 161
157 162
157 164
157 165
157 166
157 167
157 168
157 169
157 170
157 171
157 172
157 173
157 174
157 175
157 176
157 177
157 178
157 179
158 159
158 160
158 161
158 162
158 163
158 164
158 165
158 166
158 167
158 168
158 169
158 170
158 171
158 172
158 173
158 174
158 175
158 176
158 177
158 178
158 179
159 160
159 161
159 162
159 163
159 164
159 165
159 166
159 167
159 168
159 169
159 170
159 171
159 172
159 173
159 174
159 175
159 177
159 178
159 179
160 161
160 162
160 163
160 164
160 165
160 166
160 167
160 168
160 169
160 170
160 171
160 172
160 173
160 174
160 175
160 177
160 178
160 179
161 162
161 163
161 164
161 165
161 166
161 167
161 168
161 169
161 170
161 171
161 172
161 173
161 175
161 176
161 177
161 178
161 179
162 163
162 164
162 165
162 166
162 167
162 168
162 170
162 171
162 172
162 173
162 174
162 175
162 176
162 178
162 179
163 164
163 165
163 166
163 167
163 168
163 169
163 171
163 172
163 173
163 174
163 175
163 176
163 177
163 178
163 179
164 166
164 167
164 168
164 170
164 171
164 172
164 173
164 174
164 175
164 176
164 177
164 179
165 166
165 167
165 168
165 169
165 170
165 171
165 172
165 173
165 174
165 175
165 176
165 177
165 178
165 179
166 167
166 168
166 169
166 170
166 171
166 172
166 173
166 174
166 175
166 177
166 178
166 179
167 168
167 169
167 170
167 171
167 172
167 173
167 174
167 175
167 176
167 177
167 178
167 179
168 169
168 170
168 172
168 173
168 174
168 175
168 176
168 177
168 178
168 179
169 170
169 171
169 172
169 173
169 174
169 175
169 176
169 177
169 178
169 179
170 172
170 173
170 174
170 175
170 176
170 177
170 178
170 179
171 172
171 173
171 174
171 175
171 176
171 177
171 178
171 179
172 173
172 174
172 175
172 176
172 177
172 178
172 179
173 174
173 175
173 176
173 177
173 178
173 179
174 175
174 177
174 179
175 176
175 177
175 178
175 179
176 177
176 178
176 179
177 178
177 179
178 179
180 181
180 182
180 183
180 184
180 185
180 186
180 187
180 188
180 189
180 190
180 191
180 192
180 193
180 194
180 195
180 196
180 197
180 198
180 199
180 200
180 201
180 202
180 203
180 204
180 205
180 206
180 207
180 208
180 209
180 210
180 211
180 213
180 214
180 215
180 216
180 217
180 218
180 219
180 220
180 221
180 222
180 223
180 224
180 225
180 226
180 227
180 228
180 229
180 231
180 232
180 233
180 234
180 235
180 236
180 237
180 238
180 239
180 240
180 242
180 243
180 244
180 245
180 246
180 247
180 248
180 249
180 250
180 251
180 252
180 253
180 254
180 255
180 256
180 257
180 258
180 259
180 260
180 261
180 262
180 263
180 264
180 265
180 266
180 267
180 268
180 269
180 270
180 271
180 272
180 273
180 274
180 275
180 276
180 277
180 278
181 182
181 183
181 184
181 187
181 188
181 189
181 190
181 191
181 192
181 193
181 194
181 195
181 196
181 197
181 198
181 199
181 200
181 201
181 202
181 203
181 204
181 205
181 206
181 207
181 208
181 209
181 210
181 211
181 212
181 213
181 214
181 215
181 216
181 217
181 218
181 219
181 220
181 221
181 222
181 223
181 224
181 225
181 226
181 227
181 228
181 229
181 230
181 231
181 232
181 233
181 234
181 235
181 236
181 237
181 238
181 239
181 240
181 241
181 242
181 243
181 244
181 245
181 246
181 247
181 248
181 249
181 250
181 251
181 252
181 253
181 255
181 256
181 257
181 258
181 259
181 260
181 261
181 262
181 263
181 264
181 265
181 266
181 267
181 268
181 269
181 271
181 272
181 273
181 274
181 275
181 276
181 277
181 278
181 279
182 183
182 184
182 185
182 186
182 188
182 189
182 190
182 191
182 192
182 193
182 194
182 195
182 196
182 197
182 199
182 200
182 201
182 202
182 203
182 204
182 205
182 206
182 207
182 208
182 209
182 210
182 211
182 212
182 213
182 215
182 216
182 217
182 218
182 219
182 222
182 223
182 224
182 226
182 227
182 228
182 229
182 230
182 231
182 232
182 233
182 234
182 235
182 236
182 238
182 239
182 240
182 241
182 242
182 243
182 244
182 245
182 246
182 247
182 248
182 249
182 250
182 251
182 252
182 253
182 254
182 255
182 256
182 257
182 258
182 259
182 260
182 261
182 262
182 263
182 264
182 265
182 266
182 267
182 268
182 269
182 270
182 271
182 272
182 273
182 274
182 275
182 276
182 278
182 279
183 184
183 185
183 186
183 187
183 188
183 189
183 190
183 191
183 192
183 193
183 194
183 195
183 196
183 197
183 198
183 199
183 200
183 201
183 203
183 204
183 205
183 206
183 207
183 208
183 209
183 210
183 211
183 212
183 213
183 214
183 215
183 216
183 218
183 219
183 220
183 221
183 222
183 223
183 224
183 225
183 226
183 227
183 228
183 229
183 230
183 231
183 232
183 233
183 234
183 235
183 236
183 237
183 238
183 239
183 240
183 241
183 242
183 243
183 244
183 245
183 246
183 247
183 248
183 249
183 250
183 251
183 252
183 253
183 254
183 255
183 256
183 257
183 258
183 259
183 260
183 261
183 262
183 263
183 264
183 265
183 266
183 267
183 268
183 269
183 270
183 271
183 272
183 273
183 275
183 276
183 277
183 279
184 185
184 186
184 187
184 188
184 189
184 190
184 191
184 193
184 194
184 195
184 196
184 197
184 198
184 199
184 200
184 201
184 202
184 203
184 204
184 205
184 206
184 207
184 208
184 209
184 210
184 211
184 212
184 213
184 214
184 215
184 216
184 217
184 220
184 221
184 222
184 223
184 224
184 225
184 226
184 227
184 228
184 229
184 230
184 231
184 232
184 233
184 234
184 235
184 237
184 238
184 239
184 240
184 241
184 242
184 243
184 244
184 245
184 246
184 247
184 248
184 249
184 250
184 251
184 252
184 253
184 254
184 255
184 256
184 257
184 258
184 259
184 260
184 261
184 262
184 263
184 264
184 265
184 266
184 267
184 268
184 269
184 270
184 271
184 272
184 273
184 274
184 275
184 276
184 277
184 278
184 279
185 186
185 187
185 188
185 189
185 190
185 191
185 192
185 193
185 194
185 195
185 196
185 197
185 198
185 199
185 201
185 202
185 203
185 204
185 205
185 206
185 207
185 208
185 209
185 210
185 211
185 212
185 214
185 215
185 216
185 218
185 219
185 220
185 221
185 222
185 223
185 224
185 225
185 226
185 227
185 228
185 229
185 231
185 232
185 233
185 234
185 235
185 236
185 237
185 238
185 240
185 241
185 242
185 243
185 244
185 245
185 246
185 247
185 248
185 249
185 250
185 251
185 252
185 253
185 254
185 255
185 256
185 257
185 258
185 259
185 260
185 261
185 262
185 263
185 264
185 265
185 266
185 267
185 268
185 269
185 270
185 271
185 272
185 273
185 274
185 275
185 276
185 277
185 278
185 279
186 187
186 188
186 189
186 190
186 191
186 192
186 193
186 194
186 195
186 196
186 197
186 198
186 199
186 200
186 201
186 202
186 203
186 204
186 205
186 206
186 207
186 208
186 209
186 210
186 211
186 212
186 213
186 215
186 216
186 217
186 218
186 219
186 220
186 221
186 222
186 223
186 224
186 225
186 226
186 227
186 228
186 229
186 230
186 231
186 232
186 233
186 234
186 235
186 236
186 237
186 238
186 239
186 240
186 241
186 242
186 243
186 244
186 245
186 246
186 247
186 248
186 249
186 250
186 251
186 252
186 253
186 254
186 255
186 256
186 257
186 258
186 259
186 260
186 261
186 262
186 263
186 264
186 265
186 266
186 267
186 268
186 269
186 270
186 271
186 272
186 273
186 274
186 275
186 277
186 278
186 279
187 188
187 189
187 190
187 191
187 192
187 193
187 194
187 195
187 196
187 197
187 198
187 200
187 201
187 202
187 203
187 204
187 205
187 206
187 207
187 208
187 209
187 210
187 211
187 212
187 213
187 214
187 215
187 216
187 217
187 219
187 220
187 221
187 222
187 223
187 224
187 225
187 226
187 227
187 228
187 229
187 230
187 231
187 232
187 233
187 234
187 235
187 236
187 237
187 238
187 239
187 240
187 241
187 242
187 243
187 244
187 245
187 246
187 247
187 248
187 249
187 250
187 251
187 252
187 253
187 254
187 255
187 256
187 257
187 258
187 259
187 260
187 261
187 262
187 263
187 264
187 265
187 266
187 267
187 268
187 269
187 270
187 271
187 272
187 273
187 274
187 275
187 276
187 277
187 278
187 279
188 189
188 190
188 191
188 192
188 193
188 194
188 195
188 196
188 197
188 198
188 199
188 200
188 201
188 202
188 203
188 204
188 205
188 206
188 207
188 208
188 209
188 210
188 211
188 212
188 213
188 214
188 215
188 216
188 217
188 218
188 219
188 220
188 221
188 222
188 223
188 224
188 225
188 226
188 227
188 228
188 229
188 230
188 231
188 232
188 233
188 234
188 235
188 236
188 237
188 238
188 239
188 240
188 241
188 242
188 243
188 244
188 245
188 246
188 247
188 248
188 249
188 250
188 251
188 252
188 253
188 254
188 255
188 256
188 257
188 258
188 259
188 260
188 261
188 262
188 263
188 264
188 265
188 267
188 268
188 269
188 270
188 272
188 273
188 274
188 276
188 277
188 279
189 190
189 191
189 192
189 193
189 194
189 195
189 197
189 198
189 199
189 200
189 201
189 202
189 203
189 204
189 205
189 206
189 207
189 208
189 209
189 210
189 211
189 212
189 213
189 214
189 215
189 216
189 217
189 218
189 219
189 220
189 221
189 222
189 223
189 224
189 225
189 226
189 227
189 228
189 229
189 230
189 231
189 232
189 233
189 234
189 235
189 236
189 237
189 238
189 239
189 240
189 241
189 242
189 243
189 244
189 245
189 246
189 247
189 248
189 249
189 250
189 251
189 252
189 253
189 254
189 255
189 257
189 258
189 259
189 260
189 261
189 262
189 265
189 266
189 267
189 268
189 269
189 270
189 271
189 272
189 273
189 274
189 275
189 276
189 277
189 278
189 279
190 191
190 192
190 193
190 194
190 195
190 196
190 197
190 198
190 199
190 202
190 203
190 204
190 205
190 206
190 207
190 208
190 209
190 210
190 211
190 212
190 213
190 214
190 215
190 216
190 217
190 218
190 219
190 220
190 221
190 222
190 223
190 224
190 225
190 226
190 229
190 230
190 231
190 232
190 233
190 234
190 235
190 236
190 237
190 238
190 239
190 240
190 241
190 242
190 243
190 244
190 245
190 246
190 247
190 248
190 249
190 250
190 251
190 252
190 253
190 255
190 256
190 257
190 258
190 259
190 260
190 261
190 262
190 263
190 264
190 266
190 267
190 268
190 269
190 270
190 271
190 272
190 273
190 274
190 275
190 276
190 277
190 278
190 279
191 192
191 193
191 194
191 195
191 196
191 197
191 198
191 199
191 200
191 201
191 202
191 203
191 204
191 205
191 206
191 207
191 209
191 210
191 211
191 212
191 213
191 214
191 215
191 216
191 217
191 219
191 220
191 221
191 222
191 223
191 224
191 225
191 226
191 227
191 228
191 229
191 230
191 231
191 232
191 233
191 234
191 235
191 236
191 237
191 238
191 239
191 240
191 241
191 242
191 243
191 244
191 245
191 246
191 247
191 249
191 250
191 251
191 253
191 254
191 255
191 256
191 257
191 259
191 260
191 261
191 263
191 264
191 265
191 266
191 267
191 268
191 270
191 271
191 272
191 273
191 274
191 275
191 276
191 277
191 278
191 279
192 193
192 194
192 195
192 196
192 197
192 198
192 199
192 200
192 201
192 202
192 203
192 204
192 205
192 206
192 207
192 208
192 209
192 210
192 211
192 212
192 213
192 214
192 215
192 216
192 217
192 218
192 219
192 220
192 221
192 222
192 224
192 225
192 226
192 227
192 228
192 229
192 230
192 231
192 232
192 233
192 234
192 235
192 236
192 237
192 238
192 239
192 240
192 241
192 242
192 243
192 244
192 245
192 246
192 247
192 248
192 249
192 250
192 251
192 252
192 253
192 254
192 255
192 256
192 257
192 258
192 259
192 260
192 261
192 262
192 263
192 264
192 265
192 266
192 267
192 268
192 269
192 270
192 271
192 272
192 273
192 274
192 275
192 276
192 277
192 278
192 279
193 194
193 195
193 197
193 198
193 199
193 200
193 201
193 202
193 203
193 204
193 205
193 206
193 207
193 208
193 209
193 210
193 211
193 212
193 213
193 214
193 215
193 216
193 217
193 218
193 219
193 220
193 221
193 222
193 223
193 224
193 225
193 226
193 227
193 228
193 229
193 230
193 231
193 232
193 233
193 234
193 235
193 236
193 237
193 238
193 239
193 240
193 241
193 242
193 243
193 244
193 245
193 246
193 247
193 248
193 249
193 250
193 251
193 252
193 253
193 254
193 255
193 256
193 257
193 258
193 259
193 260
193 261
193 262
193 263
193 264
193 265
193 266
193 267
193 268
193 269
193 270
193 271
193 272
193 273
193 274
193 275
193 276
193 277
193 278
193 279
194 195
194 196
194 197
194 198
194 199
194 200
194 201
194 202
194 203
194 204
194 205
194 206
194 207
194 208
194 209
194 210
194 211
194 212
194 213
194 214
194 215
194 216
194 217
194 218
194 219
194 220
194 221
194 223
194 224
194 225
194 226
194 227
194 228
194 229
194 230
194 231
194 232
194 233
194 234
194 235
194 236
194 237
194 238
194 239
194 240
194 241
194 242
194 243
194 244
194 245
194 246
194 248
194 249
194 250
194 251
194 252
194 253
194 254
194 255
194 256
194 257
194 258
194 259
194 261
194 262
194 264
194 266
194 267
194 268
194 269
194 270
194 271
194 272
194 273
194 274
194 275
194 276
194 277
194 278
194 279
195 196
195 197
195 198
195 199
195 200
195 201
195 202
195 203
195 204
195 205
195 206
195 207
195 208
195 209
195 210
195 211
195 212
195 213
195 214
195 216
195 217
195 218
195 219
195 220
195 221
195 222
195 223
195 224
195 225
195 226
195 227
195 228
195 229
195 230
195 231
195 232
195 233
195 234
195 235
195 236
195 237
195 238
195 239
195 240
195 241
195 242
195 243
195 244
195 245
195 246
195 247
195 248
195 250
195 251
195 252
195 253
195 254
195 255
195 256
195 257
195 258
195 259
195 260
195 261
195 262
195 263
195 264
195 266
195 267
195 268
195 269
195 270
195 271
195 272
195 273
195 274
195 275
195 276
195 277
195 278
195 279
196 197
196 198
196 199
196 200
196 201
196 202
196 203
196 204
196 205
196 206
196 207
196 208
196 209
196 210
196 211
196 212
196 213
196 214
196 215
196 216
196 217
196 218
196 219
196 220
196 221
196 222
196 223
196 224
196 225
196 226
196 227
196 228
196 229
196 230
196 231
196 232
196 233
196 234
196 235
196 236
196 237
196 238
196 239
196 240
196 241
196 242
196 243
196 244
196 245
196 246
196 247
196 248
196 249
196 250
196 251
196 252
196 253
196 254
196 255
196 256
196 257
196 258
196 259
196 260
196 261
196 262
196 263
196 264
196 265
196 266
196 267
196 268
196 269
196 270
196 271
196 272
196 273
196 274
196 275
196 276
196 277
196 278
196 279
197 198
197 199
197 200
197 201
197 202
197 203
197 204
197 205
197 206
197 207
197 208
197 209
197 210
197 211
197 212
197 213
197 214
197 215
197 216
197 217
197 218
197 219
197 221
197 222
197 223
197 224
197 225
197 226
197 228
197 229
197 230
197 231
197 232
197 233
197 234
197 235
197 236
197 237
197 238
197 239
197 240
197 241
197 242
197 243
197 244
197 245
197 246
197 247
197 248
197 249
197 250
197 251
197 252
197 253
197 254
197 255
197 256
197 257
197 258
197 259
197 260
197 261
197 262
197 263
197 264
197 265
197 266
197 267
197 268
197 269
197 270
197 271
197 272
197 273
197 274
197 275
197 276
197 277
197 279
198 199
198 200
198 201
198 202
198 203
198 204
198 205
198 207
198 208
198 209
198 210
198 211
198 212
198 213
198 214
198 215
198 217
198 219
198 220
198 221
198 223
198 224
198 225
198 226
198 227
198 228
198 229
198 230
198 231
198 232
198 233
198 234
198 235
198 237
198 238
198 239
198 240
198 241
198 242
198 243
198 244
198 245
198 246
198 248
198 249
198 250
198 251
198 253
198 254
198 255
198 256
198 257
198 258
198 259
198 260
198 262
198 263
198 264
198 265
198 266
198 268
198 269
198 271
198 272
198 273
198 274
198 275
198 276
198 277
198 278
198 279
199 200
199 201
199 202
199 203
199 204
199 205
199 206
199 207
199 208
199 209
199 211
199 212
199 213
199 214
199 215
199 216
199 217
199 218
199 219
199 220
199 221
199 222
199 223
199 224
199 225
199 226
199 227
199 228
199 229
199 230
199 231
199 232
199 233
199 234
199 235
199 236
199 237
199 238
199 239
199 241
199 242
199 243
199 244
199 245
199 246
199 247
199 248
199 249
199 250
199 251
199 252
199 253
199 254
199 255
199 256
199 257
199 258
199 259
199 260
199 261
199 262
199 263
199 264
199 265
199 266
199 267
199 268
199 269
199 270
199 271
199 272
199 273
199 274
199 275
199 276
199 277
199 278
199 279
200 201
200 203
200 204
200 205
200 206
200 207
200 208
200 209
200 210
200 211
200 212
200 213
200 214
200 215
200 216
200 217
200 218
200 219
200 220
200 221
200 222
200 223
200 224
200 225
200 226
200 227
200 228
200 229
200 230
200 232
200 233
200 234
200 235
200 236
200 237
200 238
200 241
200 242
200 243
200 244
200 245
200 246
200 247
200 248
200 249
200 250
200 251
200 252
200 253
200 254
200 255
200 256
200 257
200 258
200 259
200 260
200 261
200 262
200 263
200 264
200 265
200 266
200 267
200 268
200 269
200 270
200 271
200 272
200 273
200 274
200 275
200 276
200 277
200 278
200 279
201 202
201 203
201 204
201 205
201 206
201 207
201 208
201 209
201 210
201 211
201 212
201 213
201 215
201 216
201 218
201 219
201 220
201 221
201 222
201 223
201 225
201 226
201 227
201 228
201 229
201 230
201 231
201 232
201 233
201 234
201 235
201 236
201 237
201 238
201 239
201 240
201 241
201 242
201 243
201 244
201 246
201 247
201 248
201 249
201 250
201 251
201 252
201 253
201 254
201 255
201 256
201 257
201 258
201 259
201 260
201 261
201 262
201 263
201 264
201 265
201 268
201 269
201 270
201 271
201 272
201 273
201 274
201 275
201 276
201 277
201 278
201 279
202 203
202 204
202 205
202 207
202 208
202 209
202 210
202 211
202 212
202 213
202 214
202 215
202 216
202 217
202 218
202 219
202 220
202 221
202 222
202 223
202 224
202 225
202 226
202 227
202 228
202 229
202 230
202 231
202 232
202 233
202 234
202 235
202 236
202 237
202 238
202 241
202 242
202 243
202 244
202 245
202 246
202 247
202 248
202 249
202 250
202 251
202 252
202 253
202 254
202 255
202 256
202 257
202 258
202 259
202 260
202 261
202 262
202 263
202 265
202 266
202 267
202 268
202 269
202 270
202 271
202 272
202 274
202 275
202 276
202 277
202 278
202 279
203 204
203 205
203 206
203 207
203 208
203 209
203 210
203 211
203 212
203 213
203 215
203 216
203 217
203 219
203 220
203 221
203 222
203 223
203 224
203 225
203 226
203 227
203 228
203 229
203 230
203 231
203 232
203 233
203 234
203 235
203 236
203 237
203 238
203 239
203 240
203 241
203 244
203 245
203 246
203 247
203 248
203 249
203 250
203 251
203 252
203 253
203 254
203 255
203 256
203 257
203 258
203 259
203 260
203 261
203 262
203 263
203 264
203 265
203 266
203 267
203 268
203 269
203 270
203 271
203 272
203 273
203 274
203 275
203 276
203 277
203 278
203 279
204 205
204 206
204 207
204 208
204 209
204 210
204 211
204 213
204 214
204 215
204 216
204 218
204 219
204 220
204 221
204 222
204 223
204 224
204 225
204 227
204 228
204 229
204 230
204 231
204 232
204 234
204 235
204 236
204 237
204 239
204 240
204 241
204 243
204 244
204 246
204 247
204 248
204 249
204 250
204 251
204 252
204 253
204 254
204 255
204 256
204 257
204 258
204 259
204 260
204 261
204 262
204 263
204 264
204 265
204 266
204 267
204 268
204 269
204 270
204 271
204 272
204 273
204 274
204 275
204 276
204 277
204 278
204 279
205 206
205 207
205 208
205 209
205 210
205 211
205 212
205 213
205 214
205 215
205 216
205 217
205 218
205 219
205 220
205 221
205 222
205 223
205 224
205 225
205 226
205 227
205 228
205 229
205 230
205 231
205 233
205 235
205 236
205 237
205 238
205 239
205 240
205 241
205 242
205 243
205 244
205 245
205 247
205 248
205 249
205 250
205 251
205 252
205 253
205 254
205 255
205 256
205 257
205 258
205 259
205 260
205 261
205 262
205 263
205 264
205 265
205 266
205 267
205 268
205 269
205 270
205 271
205 272
205 273
205 274
205 275
205 276
205 277
205 278
205 279
206 207
206 208
206 209
206 210
206 211
206 212
206 213
206 214
206 215
206 216
206 217
206 219
206 220
206 221
206 222
206 223
206 224
206 225
206 227
206 228
206 229
206 230
206 231
206 232
206 233
206 234
206 235
206 236
206 237
206 238
206 239
206 240
206 241
206 242
206 243
206 244
206 246
206 247
206 248
206 249
206 250
206 251
206 252
206 253
206 254
206 255
206 256
206 257
206 258
206 259
206 260
206 261
206 262
206 263
206 264
206 265
206 266
206 267
206 268
206 269
206 270
206 271
206 272
206 273
206 274
206 275
206 276
206 277
206 278
206 279
207 208
207 209
207 210
207 211
207 212
207 213
207 214
207 215
207 216
207 217
207 218
207 219
207 220
207 221
207 222
207 223
207 224
207 225
207 227
207 228
207 229
207 230
207 231
207 232
207 233
207 234
207 235
207 236
207 237
207 238
207 239
207 240
207 241
207 242
207 243
207 244
207 245
207 246
207 247
207 248
207 249
207 250
207 251
207 252
207 253
207 254
207 255
207 256
207 257
207 258
207 260
207 261
207 262
207 263
207 265
207 266
207 267
207 268
207 269
207 270
207 271
207 272
207 273
207 275
207 276
207 277
207 278
207 279
208 209
208 210
208 211
208 212
208 213
208 214
208 215
208 216
208 217
208 218
208 219
208 220
208 221
208 222
208 223
208 224
208 225
208 226
208 227
208 228
208 229
208 230
208 231
208 232
208 233
208 234
208 236
208 237
208 238
208 239
208 240
208 241
208 242
208 243
208 244
208 245
208 246
208 247
208 248
208 249
208 250
208 251
208 252
208 253
208 254
208 255
208 256
208 257
208 258
208 259
208 260
208 261
208 262
208 263
208 264
208 265
208 266
208 267
208 268
208 269
208 270
208 271
208 272
208 273
208 274
208 275
208 276
208 278
208 279
209 210
209 211
209 212
209 213
209 214
209 215
209 216
209 217
209 218
209 219
209 220
209 221
209 222
209 223
209 224
209 225
209 226
209 227
209 228
209 229
209 230
209 231
209 232
209 233
209 234
209 235
209 236
209 237
209 238
209 239
209 240
209 241
209 242
209 243
209 244
209 245
209 246
209 247
209 248
209 249
209 250
209 251
209 253
209 254
209 255
209 256
209 257
209 258
209 259
209 260
209 261
209 262
209 263
209 264
209 265
209 266
209 267
209 268
209 269
209 270
209 271
209 272
209 273
209 274
209 275
209 276
209 277
209 278
209 279
210 211
210 212
210 215
210 216
210 217
210 218
210 219
210 220
210 221
210 222
210 223
210 224
210 225
210 226
210 227
210 228
210 229
210 230
210 231
210 232
210 233
210 234
210 235
210 236
210 237
210 239
210 240
210 241
210 242
210 243
210 244
210 245
210 247
210 248
210 249
210 250
210 253
210 254
210 255
210 256
210 257
210 258
210 259
210 260
210 261
210 262
210 263
210 264
210 265
210 266
210 267
210 268
210 269
210 270
210 272
210 273
210 274
210 275
210 276
210 277
210 278
210 279
211 212
211 213
211 214
211 215
211 216
211 217
211 218
211 219
211 220
211 221
211 222
211 223
211 224
211 225
211 226
211 227
211 228
211 229
211 231
211 232
211 233
211 234
211 235
211 236
211 237
211 238
211 239
211 240
211 241
211 242
211 243
211 244
211 245
211 246
211 247
211 248
211 249
211 250
211 251
211 252
211 253
211 254
211 255
211 256
211 257
211 258
211 259
211 260
211 261
211 262
211 263
211 264
211 265
211 266
211 267
211 271
211 272
211 274
211 275
211 276
211 277
211 278
211 279
212 213
212 214
212 215
212 216
212 217
212 218
212 219
212 220
212 221
212 222
212 223
212 225
212 226
212 227
212 228
212 229
212 230
212 231
212 232
212 234
212 235
212 236
212 237
212 238
212 239
212 240
212 241
212 242
212 243
212 244
212 245
212 246
212 247
212 248
212 249
212 250
212 252
212 254
212 255
212 256
212 257
212 259
212 260
212 261
212 262
212 263
212 264
212 265
212 266
212 267
212 268
212 269
212 270
212 271
212 272
212 273
212 274
212 275
212 276
212 277
212 279
213 214
213 215
213 216
213 217
213 218
213 219
213 220
213 221
213 222
213 223
213 224
213 225
213 226
213 227
213 228
213 229
213 230
213 231
213 232
213 233
213 234
213 235
213 236
213 237
213 238
213 239
213 240
213 241
213 242
213 243
213 244
213 245
213 247
213 248
213 249
213 250
213 253
213 254
213 255
213 256
213 257
213 258
213 259
213 261
213 262
213 263
213 264
213 265
213 266
213 267
213 268
213 269
213 270
213 271
213 272
213 273
213 274
213 275
213 276
213 277
213 278
213 279
214 215
214 216
214 217
214 218
214 219
214 220
214 221
214 222
214 223
214 224
214 225
214 228
214 229
214 230
214 231
214 232
214 233
214 234
214 235
214 236
214 237
214 238
214 239
214 240
214 241
214 242
214 243
214 244
214 246
214 247
214 248
214 249
214 250
214 251
214 252
214 253
214 254
214 255
214 256
214 257
214 258
214 259
214 260
214 261
214 262
214 263
214 264
214 265
214 266
214 267
214 268
214 269
214 270
214 271
214 272
214 273
214 275
214 276
214 277
214 278
214 279
215 216
215 217
215 218
215 219
215 220
215 221
215 222
215 223
215 224
215 225
215 226
215 227
215 228
215 229
215 230
215 231
215 232
215 233
215 234
215 235
215 237
215 238
215 239
215 240
215 241
215 242
215 243
215 245
215 246
215 247
215 248
215 249
215 250
215 251
215 252
215 253
215 254
215 255
215 256
215 257
215 258
215 259
215 260
215 261
215 262
215 263
215 265
215 266
215 267
215 269
215 270
215 271
215 272
215 273
215 274
215 277
215 278
215 279
216 217
216 218
216 219
216 220
216 221
216 222
216 223
216 224
216 225
216 226
216 227
216 228
216 229
216 230
216 231
216 232
216 234
216 235
216 236
216 237
216 238
216 239
216 240
216 241
216 242
216 243
216 244
216 245
216 246
216 247
216 249
216 250
216 251
216 252
216 253
216 254
216 255
216 256
216 257
216 259
216 260
216 261
216 262
216 263
216 264
216 265
216 266
216 267
216 268
216 269
216 270
216 271
216 272
216 273
216 274
216 275
216 276
216 277
216 278
216 279
217 218
217 219
217 220
217 221
217 222
217 223
217 224
217 225
217 226
217 227
217 228
217 229
217 230
217 231
217 232
217 233
217 234
217 235
217 236
217 237
217 238
217 239
217 240
217 241
217 242
217 243
217 244
217 245
217 246
217 247
217 248
217 249
217 250
217 251
217 253
217 254
217 255
217 256
217 257
217 258
217 259
217 260
217 261
217 262
217 263
217 264
217 266
217 267
217 268
217 269
217 270
217 271
217 272
217 273
217 274
217 275
217 276
217 278
217 279
218 219
218 220
218 221
218 222
218 223
218 224
218 225
218 226
218 227
218 228
218 229
218 230
218 231
218 232
218 233
218 234
218 235
218 236
218 237
218 238
218 239
218 240
218 241
218 242
218 243
218 244
218 245
218 246
218 247
218 248
218 249
218 250
218 251
218 252
218 253
218 254
218 255
218 256
218 257
218 258
218 259
218 260
218 261
218 262
218 263
218 264
218 265
218 266
218 267
218 268
218 270
218 271
218 272
218 275
218 276
218 277
218 278
218 279
219 221
219 222
219 223
219 225
219 226
219 227
219 228
219 229
219 230
219 231
219 232
219 233
219 234
219 235
219 236
219 237
219 238
219 239
219 240
219 241
219 242
219 243
219 244
219 245
219 246
219 247
219 248
219 249
219 250
219 251
219 253
219 254
219 255
219 257
219 258
219 259
219 260
219 261
219 262
219 263
219 264
219 265
219 266
219 267
219 268
219 269
219 270
219 271
219 272
219 273
219 274
219 275
219 276
219 277
219 278
219 279
220 221
220 222
220 223
220 225
220 226
220 227
220 228
220 229
220 230
220 231
220 232
220 233
220 234
220 235
220 236
220 238
220 239
220 240
220 242
220 243
220 244
220 245
220 246
220 247
220 248
220 249
220 250
220 251
220 252
220 253
220 254
220 255
220 256
220 257
220 258
220 259
220 260
220 261
220 262
220 263
220 264
220 265
220 266
220 267
220 268
220 269
220 270
220 271
220 272
220 273
220 274
220 275
220 276
220 277
220 278
220 279
221 222
221 223
221 225
221 226
221 227
221 228
221 229
221 230
221 231
221 232
221 233
221 234
221 235
221 236
221 237
221 238
221 239
221 241
221 242
221 243
221 244
221 245
221 246
221 247
221 249
221 250
221 251
221 253
221 254
221 255
221 256
221 257
221 258
221 259
221 260
221 261
221 262
221 263
221 264
221 265
221 266
221 267
221 269
221 270
221 271
221 272
221 273
221 275
221 276
221 278
221 279
222 223
222 226
222 227
222 228
222 229
222 230
222 231
222 232
222 233
222 234
222 235
222 236
222 237
222 238
222 239
222 240
222 241
222 242
222 243
222 244
222 245
222 246
222 247
222 248
222 249
222 250
222 251
222 252
222 253
222 254
222 255
222 256
222 257
222 258
222 259
222 260
222 261
222 262
222 263
222 264
222 265
222 266
222 267
222 268
222 269
222 270
222 271
222 272
222 274
222 275
222 276
222 277
222 278
222 279
223 224
223 225
223 226
223 227
223 228
223 229
223 230
223 231
223 232
223 233
223 234
223 235
223 236
223 237
223 238
223 239
223 241
223 242
223 243
223 245
223 246
223 247
223 248
223 249
223 250
223 251
223 252
223 253
223 254
223 255
223 256
223 257
223 258
223 259
223 260
223 261
223 262
223 263
223 264
223 265
223 266
223 267
223 268
223 269
223 270
223 271
223 272
223 273
223 274
223 275
223 276
223 277
223 278
223 279
224 225
224 226
224 228
224 229
224 230
224 231
224 232
224 233
224 234
224 235
224 236
224 237
224 238
224 239
224 240
224 241
224 242
224 243
224 244
224 245
224 246
224 247
224 248
224 249
224 250
224 251
224 253
224 254
224 255
224 256
224 257
224 258
224 259
224 260
224 261
224 262
224 263
224 264
224 265
224 266
224 267
224 268
224 269
224 270
224 271
224 272
224 273
224 274
224 275
224 276
224 277
224 279
225 226
225 227
225 228
225 229
225 230
225 231
225 232
225 234
225 235
225 236
225 237
225 238
225 239
225 240
225 241
225 242
225 243
225 244
225 245
225 246
225 247
225 248
225 249
225 251
225 252
225 253
225 254
225 255
225 256
225 257
225 258
225 259
225 260
225 261
225 262
225 263
225 264
225 265
225 266
225 267
225 268
225 269
225 270
225 271
225 272
225 273
225 274
225 275
225 276
225 277
225 278
225 279
226 228
226 229
226 230
226 231
226 232
226 233
226 234
226 235
226 236
226 237
226 238
226 239
226 240
226 241
226 242
226 243
226 244
226 245
226 246
226 247
226 248
226 249
226 250
226 251
226 252
226 253
226 254
226 255
226 257
226 258
226 260
226 261
226 262
226 263
226 264
226 265
226 266
226 267
226 268
226 269
226 271
226 272
226 273
226 274
226 275
226 276
226 277
226 278
226 279
227 228
227 230
227 231
227 232
227 233
227 234
227 236
227 237
227 238
227 239
227 240
227 241
227 242
227 243
227 244
227 245
227 246
227 247
227 248
227 249
227 250
227 251
227 252
227 253
227 254
227 255
227 256
227 257
227 258
227 259
227 260
227 261
227 262
227 263
227 264
227 265
227 266
227 267
227 268
227 269
227 270
227 271
227 272
227 273
227 274
227 275
227 276
227 277
227 278
227 279
228 229
228 230
228 231
228 232
228 233
228 234
228 235
228 236
228 237
228 238
228 239
228 240
228 241
228 242
228 243
228 244
228 245
228 246
228 247
228 248
228 249
228 250
228 251
228 252
228 253
228 254
228 255
228 256
228 257
228 258
228 259
228 260
228 261
228 262
228 263
228 265
228 266
228 267
228 268
228 269
228 270
228 271
228 272
228 273
228 275
228 276
228 277
228 278
228 279
229 230
229 231
229 232
229 233
229 234
229 235
229 236
229 237
229 238
229 239
229 240
229 241
229 242
229 243
229 244
229 245
229 246
229 247
229 248
229 249
229 250
229 251
229 252
229 253
229 254
229 255
229 256
229 257
229 258
229 259
229 260
229 261
229 262
229 263
229 264
229 266
229 267
229 268
229 269
229 271
229 272
229 273
229 274
229 275
229 276
229 278
229 279
230 231
230 232
230 233
230 234
230 235
230 236
230 237
230 238
230 239
230 240
230 241
230 242
230 243
230 244
230 245
230 246
230 247
230 249
230 250
230 251
230 252
230 253
230 254
230 255
230 256
230 257
230 258
230 259
230 260
230 261
230 262
230 263
230 264
230 265
230 266
230 268
230 269
230 270
230 271
230 272
230 273
230 274
230 275
230 276
230 277
230 278
230 279
231 232
231 233
231 234
231 235
231 236
231 237
231 239
231 240
231 241
231 242
231 243
231 244
231 245
231 246
231 247
231 248
231 249
231 250
231 251
231 252
231 253
231 254
231 255
231 256
231 257
231 258
231 259
231 260
231 261
231 262
231 263
231 264
231 265
231 266
231 267
231 268
231 269
231 270
231 271
231 272
231 273
231 274
231 275
231 276
231 277
231 278
231 279
232 233
232 234
232 235
232 236
232 237
232 238
232 239
232 240
232 241
232 242
232 243
232 244
232 245
232 246
232 247
232 248
232 249
232 250
232 251
232 252
232 253
232 254
232 255
232 256
232 257
232 258
232 259
232 260
232 261
232 262
232 263
232 264
232 265
232 267
232 268
232 270
232 271
232 272
232 273
232 274
232 275
232 276
232 277
232 278
232 279
233 234
233 235
233 236
233 237
233 238
233 239
233 240
233 241
233 242
233 243
233 244
233 245
233 246
233 247
233 249
233 250
233 251
233 252
233 253
233 254
233 255
233 256
233 257
233 258
233 259
233 260
233 261
233 262
233 263
233 264
233 265
233 266
233 267
233 268
233 269
233 270
233 271
233 272
233 273
233 275
233 276
233 277
233 278
233 279
234 236
234 237
234 238
234 239
234 240
234 241
234 242
234 243
234 244
234 245
234 246
234 247
234 248
234 249
234 250
234 252
234 253
234 254
234 255
234 256
234 257
234 258
234 259
234 260
234 261
234 263
234 264
234 265
234 266
234 267
234 268
234 269
234 270
234 272
234 273
234 274
234 275
234 276
234 277
234 278
234 279
235 236
235 237
235 238
235 240
235 241
235 242
235 243
235 245
235 246
235 247
235 248
235 249
235 250
235 251
235 252
235 253
235 254
235 255
235 256
235 257
235 258
235 259
235 260
235 261
235 262
235 263
235 264
235 265
235 266
235 267
235 268
235 269
235 270
235 271
235 272
235 273
235 274
235 275
235 276
235 277
235 278
235 279
236 237
236 238
236 239
236 240
236 241
236 242
236 243
236 244
236 245
236 246
236 247
236 248
236 249
236 250
236 251
236 253
236 254
236 255
236 256
236 257
236 258
236 259
236 260
236 261
236 262
236 263
236 265
236 266
236 268
236 269
236 270
236 271
236 272
236 273
236 274
236 275
236 276
236 277
236 278
236 279
237 238
237 239
237 240
237 241
237 242
237 244
237 245
237 246
237 247
237 248
237 249
237 250
237 252
237 253
237 254
237 255
237 256
237 257
237 259
237 260
237 261
237 262
237 263
237 264
237 265
237 266
237 267
237 268
237 269
237 270
237 271
237 272
237 273
237 274
237 275
237 276
237 277
237 278
237 279
238 239
238 240
238 241
238 242
238 243
238 244
238 245
238 246
238 247
238 248
238 249
238 250
238 251
238 252
238 253
238 254
238 255
238 256
238 257
238 258
238 259
238 260
238 261
238 262
238 264
238 265
238 266
238 267
238 268
238 269
238 270
238 272
238 273
238 274
238 275
238 276
238 277
238 278
238 279
239 240
239 242
239 243
239 244
239 245
239 246
239 247
239 248
239 249
239 251
239 252
239 253
239 254
239 255
239 256
239 257
239 258
239 259
239 260
239 261
239 262
239 263
239 264
239 265
239 266
239 267
239 268
239 269
239 270
239 271
239 272
239 273
239 274
239 275
239 276
239 277
239 278
239 279
240 241
240 242
240 243
240 244
240 245
240 246
240 247
240 248
240 249
240 250
240 251
240 252
240 253
240 254
240 255
240 256
240 257
240 258
240 259
240 260
240 261
240 262
240 263
240 264
240 265
240 266
240 267
240 268
240 269
240 270
240 271
240 272
240 273
240 275
240 276
240 277
240 278
240 279
241 242
241 243
241 244
241 245
241 246
241 247
241 248
241 249
241 250
241 251
241 252
241 253
241 254
241 255
241 256
241 257
241 258
241 259
241 260
241 261
241 262
241 263
241 264
241 265
241 266
241 267
241 268
241 269
241 270
241 271
241 273
241 274
241 275
241 276
241 277
241 278
241 279
242 243
242 244
242 245
242 246
242 247
242 248
242 249
242 250
242 251
242 252
242 254
242 255
242 256
242 257
242 258
242 259
242 260
242 261
242 262
242 263
242 264
242 265
242 266
242 267
242 268
242 269
242 270
242 271
242 272
242 273
242 274
242 275
242 276
242 277
242 278
242 279
243 244
243 245
243 246
243 247
243 248
243 249
243 250
243 251
243 252
243 253
243 254
243 255
243 257
243 258
243 259
243 260
243 261
243 262
243 263
243 264
243 265
243 266
243 267
243 268
243 269
243 270
243 271
243 272
243 273
243 274
243 275
243 276
243 277
243 278
243 279
244 245
244 246
244 247
244 248
244 249
244 250
244 251
244 252
244 253
244 254
244 255
244 256
244 257
244 258
244 259
244 260
244 261
244 262
244 263
244 264
244 265
244 267
244 268
244 269
244 270
244 272
244 273
244 274
244 275
244 276
244 278
244 279
245 246
245 247
245 248
245 250
245 251
245 252
245 253
245 254
245 255
245 256
245 257
245 258
245 259
245 260
245 261
245 262
245 263
245 264
245 265
245 267
245 268
245 269
245 270
245 271
245 272
245 273
245 274
245 275
245 276
245 277
245 278
246 248
246 250
246 252
246 253
246 254
246 255
246 256
246 257
246 258
246 259
246 260
246 261
246 262
246 263
246 264
246 265
246 266
246 267
246 268
246 270
246 271
246 273
246 274
246 275
246 276
246 277
246 278
246 279
247 248
247 249
247 250
247 251
247 252
247 253
247 254
247 255
247 256
247 257
247 258
247 260
247 261
247 262
247 263
247 264
247 265
247 266
247 267
247 268
247 269
247 270
247 271
247 272
247 273
247 274
247 275
247 276
247 277
247 278
247 279
248 249
248 250
248 251
248 252
248 253
248 254
248 256
248 257
248 259
248 260
248 261
248 262
248 263
248 264
248 265
248 266
248 267
248 268
248 269
248 270
248 271
248 272
248 273
248 274
248 275
248 276
248 277
248 278
248 279
249 250
249 251
249 252
249 253
249 254
249 255
249 256
249 257
249 258
249 259
249 260
249 261
249 262
249 263
249 264
249 265
249 266
249 267
249 268
249 269
249 270
249 271
249 273
249 274
249 275
249 276
249 277
249 279
250 251
250 252
250 253
250 254
250 255
250 256
250 257
250 258
250 259
250 260
250 261
250 262
250 263
250 264
250 265
250 266
250 267
250 268
250 269
250 270
250 271
250 272
250 273
250 274
250 275
250 276
250 277
250 278
250 279
251 252
251 253
251 254
251 255
251 256
251 257
251 258
251 259
251 260
251 261
251 262
251 263
251 264
251 265
251 266
251 267
251 268
251 269
251 270
251 271
251 272
251 273
251 274
251 275
251 276
251 277
251 278
251 279
252 253
252 254
252 255
252 256
252 257
252 258
252 259
252 260
252 261
252 262
252 263
252 264
252 265
252 266
252 267
252 268
252 269
252 270
252 271
252 272
252 273
252 274
252 275
252 276
252 277
252 278
252 279
253 254
253 255
253 256
253 257
253 259
253 260
253 261
253 262
253 263
253 264
253 265
253 266
253 267
253 268
253 269
253 270
253 271
253 272
253 273
253 274
253 275
253 277
253 278
253 279
254 255
254 256
254 257
254 258
254 259
254 260
254 261
254 262
254 263
254 265
254 266
254 267
254 269
254 270
254 271
254 272
254 273
254 274
254 275
254 276
254 277
254 278
254 279
255 256
255 258
255 259
255 260
255 261
255 262
255 263
255 264
255 265
255 266
255 267
255 268
255 269
255 270
255 271
255 272
255 273
255 274
255 275
255 276
255 277
255 279
256 257
256 258
256 259
256 260
256 261
256 262
256 263
256 264
256 266
256 267
256 268
256 270
256 271
256 272
256 273
256 274
256 275
256 276
256 277
256 278
257 258
257 259
257 260
257 261
257 262
257 264
257 265
257 266
257 267
257 268
257 270
257 271
257 272
257 273
257 274
257 275
257 276
257 277
257 278
257 279
258 259
258 260
258 261
258 262
258 263
258 264
258 265
258 266
258 267
258 268
258 269
258 270
258 271
258 272
258 273
258 274
258 275
258 276
258 277
258 278
258 279
259 260
259 261
259 263
259 264
259 265
259 266
259 267
259 268
259 269
259 270
259 271
259 272
259 273
259 274
259 275
259 276
259 277
259 278
259 279
260 261
260 262
260 263
260 264
260 265
260 266
260 267
260 268
260 269
260 270
260 271
260 272
260 274
260 275
260 276
260 277
260 278
260 279
261 262
261 263
261 264
261 265
261 266
261 267
261 268
261 269
261 270
261 271
261 272
261 273
261 274
261 275
261 276
261 278
261 279
262 263
262 264
262 265
262 266
262 267
262 268
262 269
262 270
262 271
262 272
262 273
262 274
262 275
262 276
262 277
262 278
262 279
263 264
263 265
263 266
263 267
263 268
263 269
263 270
263 271
263 272
263 273
263 274
263 275
263 276
263 277
263 278
263 279
264 265
264 266
264 267
264 268
264 269
264 270
264 271
264 272
264 273
264 274
264 275
264 276
264 277
264 278
265 266
265 269
265 270
265 271
265 272
265 273
265 275
265 276
265 277
265 278
265 279
266 267
266 268
266 270
266 271
266 272
266 273
266 274
266 275
266 276
266 277
266 278
266 279
267 268
267 269
267 270
267 271
267 272
267 273
267 274
267 275
267 276
267 277
267 279
268 269
268 270
268 272
268 273
268 274
268 275
268 276
268 277
268 278
268 279
269 270
269 271
269 272
269 273
269 274
269 275
269 276
269 277
269 278
269 279
270 271
270 272
270 273
270 274
270 275
270 277
270 278
270 279
271 272
271 274
271 275
271 276
271 277
271 278
271 279
272 273
272 274
272 275
272 276
272 277
272 278
272 279
273 274
273 278
273 279
274 275
274 276
274 277
274 278
274 279
275 276
275 277
275 279
276 277
276 278
276 279
277 278
277 279
278 279
280 281
280 282
280 283
280 284
280 285
280 286
280 287
280 288
280 289
280 290
280 291
280 292
280 293
280 295
280 296
280 297
280 298
280 299
280 300
280 301
280 302
280 303
280 304
280 305
280 306
280 307
280 308
280 309
280 310
280 311
280 312
280 313
280 314
280 315
280 316
280 317
280 318
280 320
280 321
280 322
280 323
280 324
280 325
280 326
280 327
280 328
280 329
280 330
280 331
280 332
280 333
280 334
280 335
280 336
280 337
280 338
280 339
280 340
280 341
280 342
280 343
280 344
280 345
280 346
280 347
280 348
280 349
281 282
281 283
281 284
281 285
281 286
281 287
281 288
281 289
281 290
281 291
281 292
281 294
281 295
281 296
281 297
281 298
281 299
281 300
281 301
281 302
281 303
281 304
281 305
281 306
281 307
281 308
281 309
281 310
281 312
281 313
281 314
281 315
281 316
281 317
281 318
281 320
281 321
281 322
281 323
281 324
281 325
281 326
281 327
281 328
281 329
281 330
281 331
281 332
281 333
281 335
281 336
281 337
281 338
281 339
281 340
281 341
281 342
281 343
281 344
281 345
281 346
281 347
281 349
282 283
282 284
282 285
282 286
282 287
282 288
282 289
282 290
282 291
282 292
282 294
282 295
282 296
282 297
282 298
282 299
282 300
282 301
282 302
282 303
282 304
282 305
282 306
282 307
282 308
282 310
282 311
282 312
282 313
282 314
282 315
282 316
282 317
282 318
282 319
282 320
282 321
282 322
282 323
282 324
282 325
282 326
282 327
282 328
282 329
282 330
282 331
282 332
282 333
282 334
282 335
282 336
282 337
282 338
282 339
282 340
282 341
282 342
282 343
282 344
282 346
282 347
282 348
282 349
283 284
283 285
283 286
283 287
283 288
283 289
283 290
283 291
283 292
283 293
283 294
283 296
283 297
283 298
283 299
283 300
283 301
283 302
283 304
283 305
283 306
283 307
283 308
283 309
283 310
283 311
283 312
283 313
283 314
283 315
283 316
283 317
283 318
283 319
283 320
283 321
283 322
283 323
283 324
283 325
283 326
283 327
283 328
283 329
283 330
283 331
283 332
283 333
283 334
283 336
283 337
283 338
283 339
283 340
283 341
283 342
283 343
283 344
283 347
283 348
283 349
284 285
284 286
284 287
284 288
284 290
284 291
284 292
284 293
284 294
284 295
284 296
284 297
284 298
284 299
284 300
284 301
284 302
284 303
284 304
284 305
284 306
284 307
284 308
284 309
284 311
284 312
284 314
284 315
284 317
284 318
284 319
284 320
284 321
284 322
284 323
284 324
284 325
284 326
284 327
284 328
284 329
284 330
284 331
284 332
284 333
284 334
284 335
284 336
284 337
284 338
284 339
284 340
284 341
284 342
284 343
284 344
284 345
284 346
284 347
284 348
284 349
285 286
285 287
285 288
285 289
285 290
285 291
285 292
285 293
285 294
285 295
285 296
285 297
285 298
285 299
285 300
285 301
285 302
285 303
285 304
285 305
285 306
285 307
285 308
285 309
285 310
285 311
285 312
285 313
285 314
285 315
285 316
285 318
285 319
285 320
285 321
285 322
285 323
285 324
285 325
285 326
285 327
285 328
285 329
285 331
285 332
285 333
285 334
285 335
285 336
285 337
285 338
285 339
285 340
285 341
285 342
285 343
285 344
285 345
285 346
285 347
285 348
286 287
286 288
286 289
286 291
286 292
286 293
286 294
286 295
286 296
286 297
286 298
286 299
286 300
286 301
286 302
286 303
286 304
286 305
286 306
286 307
286 308
286 309
286 310
286 311
286 312
286 313
286 314
286 315
286 316
286 317
286 319
286 320
286 321
286 322
286 323
286 324
286 325
286 326
286 327
286 328
286 329
286 330
286 331
286 333
286 334
286 335
286 336
286 337
286 338
286 339
286 340
286 341
286 342
286 343
286 344
286 345
286 346
286 347
286 348
286 349
287 288
287 289
287 290
287 291
287 292
287 293
287 294
287 295
287 296
287 297
287 298
287 299
287 300
287 301
287 302
287 303
287 304
287 305
287 306
287 307
287 308
287 309
287 310
287 311
287 312
287 313
287 314
287 315
287 316
287 317
287 318
287 319
287 320
287 321
287 322
287 323
287 324
287 325
287 326
287 327
287 328
287 329
287 330
287 331
287 332
287 333
287 334
287 335
287 336
287 337
287 338
287 339
287 340
287 341
287 342
287 343
287 344
287 345
287 346
287 347
287 348
287 349
288 289
288 290
288 291
288 292
288 293
288 294
288 295
288 296
288 298
288 300
288 301
288 302
288 303
288 304
288 305
288 306
288 307
288 308
288 309
288 310
288 311
288 312
288 313
288 314
288 315
288 316
288 317
288 318
288 320
288 321
288 322
288 323
288 324
288 325
288 326
288 327
288 328
288 329
288 330
288 332
288 333
288 334
288 335
288 336
288 337
288 338
288 339
288 340
288 341
288 342
288 343
288 344
288 345
288 346
288 347
288 348
288 349
289 290
289 291
289 292
289 293
289 294
289 295
289 296
289 297
289 298
289 299
289 300
289 302
289 303
289 304
289 305
289 306
289 307
289 308
289 310
289 311
289 312
289 313
289 314
289 315
289 316
289 317
289 318
289 319
289 320
289 321
289 322
289 323
289 324
289 325
289 326
289 327
289 328
289 329
289 330
289 331
289 332
289 334
289 335
289 336
289 337
289 338
289 339
289 340
289 341
289 342
289 343
289 344
289 345
289 346
289 347
289 348
289 349
290 291
290 293
290 295
290 296
290 297
290 298
290 299
290 300
290 301
290 302
290 303
290 304
290 305
290 306
290 307
290 308
290 309
290 311
290 312
290 313
290 314
290 315
290 316
290 317
290 318
290 319
290 321
290 323
290 324
290 325
290 326
290 327
290 328
290 329
290 330
290 331
290 332
290 333
290 334
290 335
290 336
290 337
290 338
290 339
290 340
290 341
290 343
290 344
290 345
290 346
290 347
290 348
290 349
291 292
291 293
291 294
291 295
291 296
291 297
291 298
291 299
291 300
291 301
291 302
291 303
291 305
291 306
291 307
291 308
291 309
291 310
291 311
291 312
291 313
291 314
291 315
291 316
291 317
291 318
291 319
291 320
291 321
291 322
291 323
291 324
291 325
291 326
291 327
291 328
291 329
291 330
291 331
291 332
291 333
291 334
291 335
291 336
291 337
291 339
291 340
291 341
291 342
291 343
291 344
291 345
291 346
291 347
291 348
291 349
292 293
292 294
292 295
292 296
292 299
292 300
292 301
292 304
292 305
292 306
292 307
292 308
292 309
292 310
292 311
292 312
292 313
292 314
292 315
292 316
292 317
292 318
292 320
292 321
292 322
292 323
292 324
292 325
292 326
292 327
292 328
292 329
292 330
292 331
292 332
292 333
292 334
292 335
292 336
292 337
292 338
292 339
292 340
292 341
292 342
292 343
292 344
292 345
292 346
292 347
292 348
292 349
293 294
293 295
293 296
293 297
293 298
293 299
293 300
293 301
293 303
293 304
293 305
293 307
293 308
293 309
293 310
293 311
293 312
293 313
293 314
293 315
293 316
293 317
293 318
293 320
293 321
293 323
293 324
293 326
293 327
293 328
293 329
293 330
293 332
293 333
293 334
293 335
293 336
293 337
293 338
293 339
293 340
293 341
293 343
293 344
293 345
293 346
293 347
293 348
293 349
294 295
294 296
294 297
294 301
294 302
294 303
294 304
294 305
294 306
294 307
294 308
294 309
294 310
294 311
294 312
294 313
294 314
294 315
294 316
294 317
294 318
294 319
294 320
294 321
294 322
294 323
294 324
294 325
294 326
294 327
294 328
294 329
294 330
294 331
294 332
294 333
294 335
294 336
294 337
294 338
294 339
294 340
294 341
294 342
294 343
294 344
294 345
294 346
294 347
294 348
294 349
295 296
295 297
295 298
295 299
295 300
295 301
295 302
295 304
295 305
295 306
295 307
295 308
295 309
295 310
295 311
295 312
295 313
295 314
295 315
295 316
295 317
295 318
295 319
295 320
295 321
295 322
295 323
295 324
295 325
295 326
295 327
295 328
295 329
295 330
295 331
295 332
295 333
295 334
295 335
295 336
295 337
295 338
295 339
295 340
295 341
295 342
295 343
295 344
295 345
295 346
295 347
295 348
295 349
296 297
296 298
296 299
296 301
296 302
296 303
296 304
296 305
296 306
296 307
296 308
296 309
296 310
296 311
296 312
296 313
296 314
296 315
296 316
296 317
296 318
296 319
296 320
296 321
296 322
296 323
296 324
296 325
296 326
296 327
296 328
296 329
296 330
296 331
296 332
296 333
296 334
296 335
296 336
296 337
296 338
296 339
296 340
296 341
296 342
296 343
296 344
296 345
296 346
296 347
296 348
296 349
297 298
297 299
297 300
297 301
297 303
297 304
297 305
297 306
297 307
297 308
297 309
297 310
297 312
297 313
297 314
297 315
297 316
297 317
297 318
297 319
297 320
297 321
297 322
297 323
297 324
297 325
297 326
297 327
297 328
297 329
297 330
297 331
297 332
297 333
297 334
297 335
297 336
297 337
297 338
297 339
297 340
297 341
297 342
297 343
297 344
297 345
297 346
297 347
297 348
297 349
298 299
298 300
298 301
298 302
298 303
298 304
298 305
298 306
298 307
298 308
298 309
298 310
298 311
298 312
298 313
298 314
298 315
298 316
298 317
298 318
298 319
298 320
298 321
298 322
298 323
298 324
298 325
298 326
298 327
298 328
298 329
298 330
298 331
298 332
298 333
298 334
298 336
298 337
298 338
298 339
298 340
298 341
298 342
298 343
298 345
298 346
298 347
298 348
298 349
299 300
299 301
299 302
299 303
299 304
299 305
299 306
299 307
299 308
299 309
299 310
299 311
299 312
299 313
299 314
299 315
299 316
299 317
299 318
299 319
299 320
299 321
299 322
299 323
299 324
299 325
299 328
299 329
299 330
299 331
299 332
299 333
299 334
299 335
299 336
299 337
299 338
299 339
299 340
299 341
299 342
299 343
299 344
299 345
299 346
299 347
299 348
299 349
300 301
300 302
300 303
300 304
300 305
300 307
300 308
300 309
300 310
300 311
300 313
300 314
300 315
300 316
300 317
300 319
300 320
300 322
300 323
300 324
300 325
300 326
300 327
300 328
300 329
300 330
300 331
300 332
300 333
300 334
300 335
300 336
300 337
300 338
300 339
300 340
300 341
300 342
300 343
300 344
300 345
300 346
300 347
300 348
300 349
301 302
301 303
301 304
301 305
301 306
301 307
301 308
301 309
301 310
301 311
301 312
301 313
301 314
301 315
301 316
301 317
301 318
301 320
301 321
301 322
301 323
301 324
301 325
301 326
301 327
301 328
301 329
301 330
301 331
301 332
301 333
301 334
301 336
301 337
301 338
301 339
301 340
301 341
301 342
301 343
301 344
301 345
301 346
301 347
301 348
301 349
302 303
302 304
302 305
302 306
302 307
302 308
302 309
302 310
302 311
302 312
302 313
302 314
302 315
302 316
302 317
302 318
302 319
302 320
302 321
302 322
302 323
302 324
302 325
302 326
302 327
302 328
302 329
302 331
302 332
302 333
302 334
302 335
302 336
302 337
302 338
302 339
302 340
302 341
302 342
302 343
302 344
302 345
302 346
302 347
302 348
302 349
303 304
303 306
303 307
303 308
303 309
303 310
303 311
303 312
303 313
303 314
303 315
303 316
303 317
303 319
303 320
303 321
303 322
303 323
303 324
303 325
303 326
303 327
303 328
303 329
303 330
303 331
303 332
303 333
303 334
303 335
303 336
303 337
303 338
303 340
303 341
303 342
303 343
303 344
303 345
303 346
303 347
303 348
303 349
304 305
304 306
304 307
304 308
304 309
304 310
304 312
304 313
304 314
304 315
304 316
304 318
304 319
304 320
304 321
304 323
304 324
304 325
304 326
304 327
304 329
304 330
304 332
304 333
304 334
304 335
304 336
304 337
304 338
304 340
304 342
304 343
304 344
304 345
304 346
304 347
304 348
304 349
305 306
305 307
305 308
305 309
305 310
305 311
305 312
305 313
305 314
305 315
305 317
305 318
305 319
305 320
305 321
305 322
305 323
305 324
305 325
305 326
305 327
305 328
305 330
305 331
305 332
305 333
305 334
305 335
305 336
305 337
305 338
305 339
305 340
305 341
305 342
305 343
305 344
305 345
305 346
305 347
305 348
305 349
306 307
306 308
306 309
306 310
306 311
306 312
306 313
306 314
306 315
306 316
306 317
306 318
306 319
306 320
306 321
306 322
306 323
306 324
306 325
306 327
306 328
306 329
306 330
306 331
306 332
306 333
306 334
306 335
306 336
306 337
306 338
306 339
306 340
306 341
306 342
306 343
306 344
306 345
306 346
306 347
306 348
306 349
307 308
307 310
307 311
307 312
307 313
307 314
307 315
307 316
307 317
307 318
307 319
307 320
307 321
307 322
307 323
307 324
307 325
307 326
307 327
307 328
307 329
307 331
307 332
307 333
307 334
307 335
307 336
307 337
307 338
307 339
307 340
307 341
307 342
307 344
307 345
307 346
307 347
307 348
307 349
308 309
308 310
308 311
308 312
308 313
308 314
308 315
308 316
308 317
308 318
308 319
308 320
308 321
308 322
308 323
308 324
308 325
308 326
308 327
308 328
308 329
308 330
308 331
308 332
308 333
308 334
308 335
308 336
308 337
308 338
308 340
308 341
308 343
308 344
308 345
308 346
308 347
308 348
308 349
309 310
309 311
309 312
309 313
309 314
309 315
309 316
309 317
309 318
309 320
309 321
309 322
309 324
309 325
309 326
309 327
309 328
309 329
309 330
309 331
309 332
309 333
309 334
309 335
309 336
309 337
309 338
309 339
309 340
309 341
309 342
309 343
309 344
309 345
309 346
309 347
309 348
309 349
310 311
310 312
310 313
310 314
310 315
310 316
310 317
310 318
310 319
310 320
310 321
310 322
310 323
310 324
310 325
310 326
310 327
310 328
310 329
310 330
310 331
310 332
310 333
310 334
310 335
310 336
310 337
310 338
310 339
310 340
310 341
310 342
310 343
310 344
310 345
310 346
310 348
310 349
311 312
311 313
311 314
311 315
311 316
311 317
311 318
311 320
311 321
311 322
311 323
311 324
311 325
311 326
311 327
311 328
311 329
311 330
311 331
311 332
311 333
311 334
311 335
311 336
311 338
311 339
311 340
311 341
311 342
311 344
311 345
311 346
311 347
311 348
311 349
312 313
312 314
312 316
312 317
312 318
312 319
312 320
312 321
312 322
312 323
312 324
312 325
312 326
312 327
312 328
312 329
312 330
312 331
312 332
312 333
312 334
312 335
312 336
312 337
312 338
312 339
312 340
312 341
312 342
312 343
312 344
312 345
312 346
312 347
312 348
312 349
313 314
313 315
313 316
313 317
313 318
313 319
313 320
313 321
313 322
313 323
313 325
313 326
313 327
313 328
313 329
313 330
313 331
313 332
313 333
313 334
313 335
313 336
313 337
313 338
313 339
313 340
313 341
313 343
313 344
313 346
313 347
313 348
313 349
314 315
314 316
314 317
314 318
314 319
314 320
314 321
314 322
314 323
314 325
314 326
314 327
314 328
314 329
314 330
314 331
314 332
314 333
314 334
314 335
314 336
314 337
314 338
314 340
314 341
314 342
314 343
314 344
314 345
314 346
314 347
314 348
315 316
315 317
315 318
315 319
315 320
315 323
315 324
315 325
315 326
315 327
315 328
315 329
315 330
315 331
315 332
315 333
315 334
315 335
315 336
315 338
315 339
315 340
315 341
315 343
315 344
315 346
315 347
315 348
315 349
316 317
316 318
316 319
316 320
316 322
316 324
316 325
316 326
316 327
316 328
316 329
316 330
316 331
316 332
316 333
316 334
316 335
316 336
316 337
316 338
316 339
316 340
316 341
316 342
316 343
316 344
316 345
316 346
316 347
316 348
316 349
317 318
317 321
317 322
317 323
317 324
317 326
317 327
317 328
317 329
317 330
317 331
317 332
317 333
317 334
317 335
317 336
317 337
317 338
317 339
317 340
317 341
317 342
317 343
317 344
317 345
317 346
317 347
317 348
317 349
318 319
318 320
318 321
318 322
318 323
318 324
318 325
318 326
318 328
318 329
318 330
318 331
318 332
318 333
318 334
318 335
318 336
318 337
318 338
318 339
318 340
318 341
318 342
318 343
318 344
318 345
318 346
318 347
318 348
318 349
319 320
319 321
319 322
319 323
319 324
319 325
319 326
319 327
319 328
319 329
319 330
319 331
319 332
319 333
319 334
319 335
319 336
319 338
319 339
319 340
319 341
319 342
319 343
319 344
319 345
319 346
319 347
319 348
319 349
320 321
320 322
320 323
320 324
320 325
320 326
320 327
320 328
320 329
320 330
320 331
320 332
320 333
320 334
320 335
320 336
320 337
320 339
320 340
320 341
320 342
320 343
320 344
320 345
320 346
320 347
320 348
320 349
321 322
321 323
321 324
321 325
321 326
321 327
321 328
321 329
321 330
321 331
321 332
321 333
321 334
321 335
321 336
321 337
321 338
321 339
321 340
321 341
321 342
321 343
321 344
321 345
321 346
321 347
321 348
321 349
322 323
322 324
322 325
322 326
322 327
322 328
322 329
322 330
322 331
322 332
322 333
322 334
322 335
322 336
322 337
322 338
322 339
322 340
322 341
322 342
322 343
322 344
322 345
322 346
322 347
322 348
322 349
323 324
323 325
323 326
323 327
323 328
323 329
323 330
323 332
323 334
323 335
323 336
323 337
323 338
323 339
323 340
323 341
323 342
323 343
323 344
323 345
323 346
323 347
323 348
323 349
324 325
324 326
324 327
324 328
324 329
324 330
324 331
324 332
324 333
324 334
324 335
324 336
324 337
324 338
324 339
324 340
324 341
324 342
324 343
324 344
324 345
324 346
324 347
324 348
324 349
325 327
325 328
325 329
325 330
325 331
325 332
325 333
325 334
325 335
325 336
325 337
325 338
325 339
325 340
325 341
325 342
325 343
325 344
325 345
325 346
325 347
325 348
325 349
326 327
326 328
326 329
326 330
326 331
326 332
326 333
326 334
326 335
326 336
326 337
326 338
326 340
326 341
326 342
326 343
326 344
326 345
326 346
326 347
326 348
326 349
327 328
327 329
327 330
327 331
327 332
327 333
327 334
327 335
327 336
327 337
327 338
327 339
327 340
327 341
327 342
327 343
327 344
327 345
327 346
327 347
327 348
327 349
328 329
328 330
328 331
328 332
328 333
328 334
328 335
328 336
328 337
328 338
328 339
328 340
328 341
328 342
328 343
328 345
328 346
328 348
328 349
329 330
329 331
329 332
329 333
329 334
329 335
329 336
329 337
329 338
329 339
329 340
329 341
329 342
329 343
329 344
329 345
329 346
329 347
329 348
329 349
330 331
330 332
330 333
330 334
330 335
330 336
330 337
330 338
330 339
330 340
330 342
330 344
330 346
330 347
330 348
330 349
331 332
331 333
331 334
331 335
331 336
331 337
331 338
331 340
331 341
331 342
331 343
331 344
331 345
331 346
331 347
331 348
331 349
332 333
332 334
332 335
332 336
332 337
332 338
332 339
332 340
332 341
332 342
332 343
332 344
332 345
332 346
332 347
332 348
332 349
333 334
333 335
333 336
333 337
333 338
333 339
333 340
333 342
333 343
333 344
333 345
333 346
333 347
333 348
334 335
334 336
334 337
334 338
334 339
334 340
334 341
334 342
334 345
334 346
334 347
334 348
335 336
335 337
335 338
335 339
335 340
335 342
335 343
335 344
335 345
335 346
335 347
335 348
335 349
336 337
336 338
336 339
336 340
336 341
336 342
336 343
336 344
336 345
336 348
336 349
337 338
337 339
337 340
337 341
337 342
337 343
337 344
337 345
337 346
337 347
337 348
337 349
338 339
338 340
338 341
338 342
338 343
338 344
338 345
338 346
338 347
338 348
338 349
339 340
339 341
339 342
339 344
339 345
339 346
339 347
339 348
339 349
340 341
340 342
340 343
340 344
340 345
340 346
340 347
340 348
340 349
341 342
341 343
341 344
341 345
341 346
341 347
341 348
341 349
342 343
342 344
342 345
342 346
342 347
342 348
342 349
343 344
343 345
343 346
343 347
343 348
343 349
344 345
344 346
344 347
344 348
344 349
345 346
345 347
345 348
345 349
346 347
346 348
347 348
347 349
348 349
58 187
66 119
109 323
114 265
165 237
179 236
201 167
255 167
334 227
339 246
